Earth	600	5	5	-5	0.5	-0.5	0.5	
Earth	600	5.04987	4.94987	-4.94987	0.497405	-0.502569	0.502569	
Earth	600	5.09948	4.89949	-4.89949	0.494759	-0.505137	0.505137	
Earth	600	5.14882	4.84884	-4.84884	0.49206	-0.507704	0.507704	
Earth	600	5.19789	4.79795	-4.79795	0.489309	-0.510269	0.510269	
Earth	600	5.24668	4.74679	-4.74679	0.486505	-0.512831	0.512831	
Earth	600	5.29519	4.69538	-4.69538	0.483648	-0.515391	0.515391	
Earth	600	5.34341	4.64371	-4.64371	0.480736	-0.517947	0.517947	
Earth	600	5.39133	4.59179	-4.59179	0.477771	-0.520498	0.520498	
Earth	600	5.43896	4.53961	-4.53961	0.474752	-0.523043	0.523043	
Earth	600	5.48628	4.48718	-4.48718	0.471678	-0.525583	0.525583	
Earth	600	5.53329	4.4345	-4.4345	0.468549	-0.528117	0.528117	
Earth	600	5.57999	4.38156	-4.38156	0.465365	-0.530642	0.530642	
Earth	600	5.62636	4.32837	-4.32837	0.462126	-0.53316	0.53316	
Earth	600	5.67241	4.27493	-4.27493	0.458831	-0.535668	0.535668	
Earth	600	5.71812	4.22124	-4.22124	0.455481	-0.538167	0.538167	
Earth	600	5.7635	4.16729	-4.16729	0.452075	-0.540656	0.540656	
Earth	600	5.80854	4.11311	-4.11311	0.448614	-0.543132	0.543132	
Earth	600	5.85322	4.05867	-4.05867	0.445097	-0.545597	0.545597	
Earth	600	5.89755	4.00399	-4.00399	0.441523	-0.548049	0.548049	
Earth	600	5.94152	3.94906	-3.94906	0.437895	-0.550486	0.550486	
Earth	600	5.98513	3.89389	-3.89389	0.43421	-0.552909	0.552909	
Earth	600	6.02836	3.83848	-3.83848	0.43047	-0.555317	0.555317	
Earth	600	6.07122	3.78283	-3.78283	0.426674	-0.557708	0.557708	
Earth	600	6.11369	3.72694	-3.72694	0.422822	-0.560082	0.560082	
Earth	600	6.15578	3.67081	-3.67081	0.418916	-0.562437	0.562437	
Earth	600	6.19747	3.61445	-3.61445	0.414954	-0.564773	0.564773	
Earth	600	6.23877	3.55786	-3.55786	0.410938	-0.567089	0.567089	
Earth	600	6.27966	3.50103	-3.50103	0.406867	-0.569385	0.569385	
Earth	600	6.32014	3.44398	-3.44398	0.402743	-0.571658	0.571658	
Earth	600	6.36021	3.3867	-3.3867	0.398564	-0.573909	0.573909	
Earth	600	6.39985	3.3292	-3.3292	0.394333	-0.576136	0.576136	
Earth	600	6.43907	3.27148	-3.27148	0.390048	-0.578339	0.578339	
Earth	600	6.47786	3.21354	-3.21354	0.385711	-0.580516	0.580516	
Earth	600	6.51621	3.15538	-3.15538	0.381323	-0.582667	0.582667	
Earth	600	6.55412	3.097	-3.097	0.376883	-0.584791	0.584791	
Earth	600	6.59158	3.03842	-3.03842	0.372393	-0.586887	0.586887	
Earth	600	6.6286	2.97963	-2.97963	0.367853	-0.588953	0.588953	
Earth	600	6.66515	2.92063	-2.92063	0.363264	-0.59099	0.59099	
Earth	600	6.70125	2.86143	-2.86143	0.358627	-0.592996	0.592996	
Earth	600	6.73687	2.80203	-2.80203	0.353942	-0.594971	0.594971	
Earth	600	6.77203	2.74244	-2.74244	0.34921	-0.596913	0.596913	
Earth	600	6.80671	2.68265	-2.68265	0.344433	-0.598822	0.598822	
Earth	600	6.84092	2.62268	-2.62268	0.33961	-0.600696	0.600696	
Earth	600	6.87463	2.56251	-2.56251	0.334744	-0.602536	0.602536	
Earth	600	6.90786	2.50217	-2.50217	0.329835	-0.60434	0.60434	
Earth	600	6.9406	2.44165	-2.44165	0.324884	-0.606107	0.606107	
Earth	600	6.97284	2.38095	-2.38095	0.319892	-0.607838	0.607838	
Earth	600	7.00458	2.32008	-2.32008	0.314861	-0.60953	0.60953	
Earth	600	7.03581	2.25905	-2.25905	0.309791	-0.611183	0.611183	
Earth	600	7.06653	2.19785	-2.19785	0.304684	-0.612797	0.612797	
Earth	600	7.09674	2.13649	-2.13649	0.29954	-0.614371	0.614371	
Earth	600	7.12644	2.07498	-2.07498	0.294362	-0.615905	0.615905	
Earth	600	7.15561	2.01331	-2.01331	0.289151	-0.617396	0.617396	
Earth	600	7.18427	1.9515	-1.9515	0.283907	-0.618846	0.618846	
Earth	600	7.21239	1.88954	-1.88954	0.278633	-0.620253	0.620253	
Earth	600	7.23999	1.82745	-1.82745	0.273329	-0.621617	0.621617	
Earth	600	7.26706	1.76522	-1.76522	0.267997	-0.622938	0.622938	
Earth	600	7.29359	1.70286	-1.70286	0.262639	-0.624214	0.624214	
Earth	600	7.31958	1.64038	-1.64038	0.257255	-0.625446	0.625446	
Earth	600	7.34504	1.57778	-1.57778	0.251848	-0.626632	0.626632	
Earth	600	7.36995	1.51506	-1.51506	0.246419	-0.627773	0.627773	
Earth	600	7.39432	1.45222	-1.45222	0.240969	-0.628869	0.628869	
Earth	600	7.41815	1.38929	-1.38929	0.235501	-0.629918	0.629918	
Earth	600	7.44142	1.32624	-1.32624	0.230015	-0.63092	0.63092	
Earth	600	7.46415	1.2631	-1.2631	0.224512	-0.631876	0.631876	
Earth	600	7.48632	1.19987	-1.19987	0.218996	-0.632785	0.632785	
Earth	600	7.50795	1.13655	-1.13655	0.213467	-0.633647	0.633647	
Earth	600	7.52902	1.07314	-1.07314	0.207926	-0.634461	0.634461	
Earth	600	7.54953	1.00966	-1.00966	0.202376	-0.635227	0.635227	
Earth	600	7.56949	0.946101	-0.946101	0.196818	-0.635946	0.635946	
Earth	600	7.58889	0.882472	-0.882472	0.191254	-0.636618	0.636618	
Earth	600	7.60774	0.81878	-0.81878	0.185685	-0.637241	0.637241	
Earth	600	7.62603	0.755027	-0.755027	0.180113	-0.637817	0.637817	
Earth	600	7.64376	0.691219	-0.691219	0.174539	-0.638345	0.638345	
Earth	600	7.66094	0.62736	-0.62736	0.168965	-0.638825	0.638825	
Earth	600	7.67756	0.563456	-0.563456	0.163393	-0.639257	0.639257	
Earth	600	7.69362	0.499511	-0.499511	0.157824	-0.639643	0.639643	
Earth	600	7.70912	0.43553	-0.43553	0.152259	-0.63998	0.63998	
Earth	600	7.72407	0.371517	-0.371517	0.146701	-0.640271	0.640271	
Earth	600	7.73846	0.307478	-0.307478	0.14115	-0.640515	0.640515	
Earth	600	7.7523	0.243417	-0.243417	0.135609	-0.640712	0.640712	
Earth	600	7.76558	0.179338	-0.179338	0.130078	-0.640862	0.640862	
Earth	600	7.77832	0.115247	-0.115247	0.12456	-0.640967	0.640967	
Earth	600	7.7905	0.0511469	-0.0511469	0.119055	-0.641026	0.641026	
Earth	600	7.80213	-0.0129564	0.0129564	0.113565	-0.641039	0.641039	
Earth	600	7.81321	-0.0770587	0.0770587	0.108092	-0.641008	0.641008	
Earth	600	7.82375	-0.141156	0.141156	0.102636	-0.640932	0.640932	
Earth	600	7.83374	-0.205243	0.205243	0.0971994	-0.640811	0.640811	
Earth	600	7.84319	-0.269316	0.269316	0.0917833	-0.640647	0.640647	
Earth	600	7.8521	-0.33337	0.33337	0.0863888	-0.64044	0.64044	
Earth	600	7.86047	-0.397402	0.397402	0.0810172	-0.64019	0.64019	
Earth	600	7.8683	-0.461406	0.461406	0.0756698	-0.639898	0.639898	
Earth	600	7.8756	-0.525379	0.525379	0.0703477	-0.639565	0.639565	
Earth	600	7.88237	-0.589317	0.589317	0.0650521	-0.63919	0.63919	
Earth	600	7.88861	-0.653215	0.653215	0.059784	-0.638775	0.638775	
Earth	600	7.89433	-0.71707	0.71707	0.0545446	-0.63832	0.63832	
Earth	600	7.89953	-0.780877	0.780877	0.0493348	-0.637826	0.637826	
Earth	600	7.9042	-0.844633	0.844633	0.0441558	-0.637294	0.637294	
Earth	600	7.90836	-0.908334	0.908334	0.0390084	-0.636723	0.636723	
Earth	600	7.912	-0.971976	0.971976	0.0338937	-0.636115	0.636115	
Earth	600	7.91514	-1.03556	1.03556	0.0288124	-0.635471	0.635471	
Earth	600	7.91777	-1.09907	1.09907	0.0237655	-0.63479	0.63479	
Earth	600	7.91989	-1.16251	1.16251	0.0187538	-0.634074	0.634074	
Earth	600	7.92152	-1.22588	1.22588	0.0137781	-0.633324	0.633324	
Earth	600	7.92265	-1.28917	1.28917	0.00883909	-0.63254	0.63254	
Earth	600	7.92329	-1.35239	1.35239	0.00393752	-0.631723	0.631723	
Earth	600	7.92344	-1.41552	1.41552	-0.000925941	-0.630874	0.630874	
Earth	600	7.92311	-1.47856	1.47856	-0.00575064	-0.629992	0.629992	
Earth	600	7.92229	-1.54151	1.54151	-0.010536	-0.62908	0.62908	
Earth	600	7.921	-1.60438	1.60438	-0.0152814	-0.628138	0.628138	
Earth	600	7.91924	-1.66714	1.66714	-0.0199863	-0.627166	0.627166	
Earth	600	7.91701	-1.72981	1.72981	-0.0246503	-0.626166	0.626166	
Earth	600	7.91431	-1.79237	1.79237	-0.0292728	-0.625138	0.625138	
Earth	600	7.91115	-1.85483	1.85483	-0.0338535	-0.624082	0.624082	
Earth	600	7.90754	-1.91719	1.91719	-0.0383919	-0.623	0.623	
Earth	600	7.90348	-1.97943	1.97943	-0.0428877	-0.621892	0.621892	
Earth	600	7.89897	-2.04156	2.04156	-0.0473405	-0.620759	0.620759	
Earth	600	7.89401	-2.10358	2.10358	-0.0517501	-0.619601	0.619601	
Earth	600	7.88862	-2.16548	2.16548	-0.0561161	-0.61842	0.61842	
Earth	600	7.88279	-2.22727	2.22727	-0.0604383	-0.617216	0.617216	
Earth	600	7.87653	-2.28893	2.28893	-0.0647166	-0.61599	0.61599	
Earth	600	7.86985	-2.35046	2.35046	-0.0689506	-0.614743	0.614743	
Earth	600	7.86274	-2.41187	2.41187	-0.0731404	-0.613475	0.613475	
Earth	600	7.85522	-2.47316	2.47316	-0.0772857	-0.612186	0.612186	
Earth	600	7.84729	-2.53431	2.53431	-0.0813864	-0.610879	0.610879	
Earth	600	7.83895	-2.59533	2.59533	-0.0854426	-0.609552	0.609552	
Earth	600	7.8302	-2.65622	2.65622	-0.089454	-0.608208	0.608208	
Earth	600	7.82106	-2.71697	2.71697	-0.0934207	-0.606846	0.606846	
Earth	600	7.81152	-2.77759	2.77759	-0.0973427	-0.605467	0.605467	
Earth	600	7.80159	-2.83806	2.83806	-0.10122	-0.604073	0.604073	
Earth	600	7.79128	-2.8984	2.8984	-0.105053	-0.602663	0.602663	
Earth	600	7.78058	-2.9586	2.9586	-0.108841	-0.601238	0.601238	
Earth	600	7.76951	-3.01865	3.01865	-0.112584	-0.599799	0.599799	
Earth	600	7.75807	-3.07856	3.07856	-0.116283	-0.598347	0.598347	
Earth	600	7.74626	-3.13832	3.13832	-0.119938	-0.596881	0.596881	
Earth	600	7.73408	-3.19793	3.19793	-0.123549	-0.595403	0.595403	
Earth	600	7.72155	-3.2574	3.2574	-0.127116	-0.593913	0.593913	
Earth	600	7.70866	-3.31671	3.31671	-0.130639	-0.592412	0.592412	
Earth	600	7.69543	-3.37588	3.37588	-0.134118	-0.590901	0.590901	
Earth	600	7.68184	-3.43489	3.43489	-0.137554	-0.589379	0.589379	
Earth	600	7.66792	-3.49375	3.49375	-0.140947	-0.587848	0.587848	
Earth	600	7.65366	-3.55246	3.55246	-0.144296	-0.586307	0.586307	
Earth	600	7.63906	-3.61102	3.61102	-0.147603	-0.584758	0.584758	
Earth	600	7.62414	-3.66941	3.66941	-0.150868	-0.583201	0.583201	
Earth	600	7.60889	-3.72766	3.72766	-0.15409	-0.581636	0.581636	
Earth	600	7.59332	-3.78574	3.78574	-0.15727	-0.580065	0.580065	
Earth	600	7.57744	-3.84367	3.84367	-0.160409	-0.578486	0.578486	
Earth	600	7.56124	-3.90144	3.90144	-0.163506	-0.576902	0.576902	
Earth	600	7.54474	-3.95905	3.95905	-0.166562	-0.575311	0.575311	
Earth	600	7.52793	-4.0165	4.0165	-0.169578	-0.573716	0.573716	
Earth	600	7.51082	-4.07379	4.07379	-0.172553	-0.572115	0.572115	
Earth	600	7.49342	-4.13092	4.13092	-0.175488	-0.57051	0.57051	
Earth	600	7.47573	-4.18789	4.18789	-0.178383	-0.568901	0.568901	
Earth	600	7.45775	-4.2447	4.2447	-0.181239	-0.567289	0.567289	
Earth	600	7.43948	-4.30135	4.30135	-0.184055	-0.565673	0.565673	
Earth	600	7.42094	-4.35784	4.35784	-0.186833	-0.564054	0.564054	
Earth	600	7.40212	-4.41416	4.41416	-0.189573	-0.562433	0.562433	
Earth	600	7.38303	-4.47032	4.47032	-0.192275	-0.560809	0.560809	
Earth	600	7.36367	-4.52632	4.52632	-0.194939	-0.559184	0.559184	
Earth	600	7.34404	-4.58216	4.58216	-0.197566	-0.557557	0.557557	
Earth	600	7.32415	-4.63783	4.63783	-0.200156	-0.555929	0.555929	
Earth	600	7.30401	-4.69335	4.69335	-0.20271	-0.5543	0.5543	
Earth	600	7.28361	-4.74869	4.74869	-0.205227	-0.552671	0.552671	
Earth	600	7.26297	-4.80388	4.80388	-0.207709	-0.551041	0.551041	
Earth	600	7.24207	-4.8589	4.8589	-0.210155	-0.549411	0.549411	
Earth	600	7.22094	-4.91376	4.91376	-0.212567	-0.547782	0.547782	
Earth	600	7.19956	-4.96846	4.96846	-0.214943	-0.546153	0.546153	
Earth	600	7.17795	-5.02299	5.02299	-0.217286	-0.544525	0.544525	
Earth	600	7.15611	-5.07736	5.07736	-0.219595	-0.542898	0.542898	
Earth	600	7.13403	-5.13157	5.13157	-0.221871	-0.541272	0.541272	
Earth	600	7.11173	-5.18562	5.18562	-0.224113	-0.539648	0.539648	
Earth	600	7.08921	-5.2395	5.2395	-0.226323	-0.538026	0.538026	
Earth	600	7.06647	-5.29322	5.29322	-0.2285	-0.536406	0.536406	
Earth	600	7.04351	-5.34678	5.34678	-0.230646	-0.534788	0.534788	
Earth	600	7.02034	-5.40018	5.40018	-0.23276	-0.533172	0.533172	
Earth	600	6.99696	-5.45342	5.45342	-0.234844	-0.531559	0.531559	
Earth	600	6.97338	-5.50649	5.50649	-0.236896	-0.529949	0.529949	
Earth	600	6.94959	-5.55941	5.55941	-0.238918	-0.528342	0.528342	
Earth	600	6.92559	-5.61216	5.61216	-0.24091	-0.526738	0.526738	
Earth	600	6.9014	-5.66476	5.66476	-0.242873	-0.525137	0.525137	
Earth	600	6.87702	-5.71719	5.71719	-0.244806	-0.52354	0.52354	
Earth	600	6.85245	-5.76946	5.76946	-0.246711	-0.521946	0.521946	
Earth	600	6.82768	-5.82158	5.82158	-0.248587	-0.520357	0.520357	
Earth	600	6.80273	-5.87354	5.87354	-0.250435	-0.518771	0.518771	
Earth	600	6.77759	-5.92533	5.92533	-0.252256	-0.51719	0.51719	
Earth	600	6.75228	-5.97697	5.97697	-0.254049	-0.515612	0.515612	
Earth	600	6.72679	-6.02846	6.02846	-0.255815	-0.514039	0.514039	
Earth	600	6.70112	-6.07978	6.07978	-0.257554	-0.512471	0.512471	
Earth	600	6.67528	-6.13095	6.13095	-0.259267	-0.510907	0.510907	
Earth	600	6.64927	-6.18196	6.18196	-0.260955	-0.509348	0.509348	
Earth	600	6.62309	-6.23282	6.23282	-0.262616	-0.507793	0.507793	
Earth	600	6.59674	-6.28352	6.28352	-0.264253	-0.506244	0.506244	
Earth	600	6.57024	-6.33407	6.33407	-0.265864	-0.5047	0.5047	
Earth	600	6.54357	-6.38446	6.38446	-0.267451	-0.503161	0.503161	
Earth	600	6.51675	-6.4347	6.4347	-0.269014	-0.501627	0.501627	
Earth	600	6.48977	-6.48479	6.48479	-0.270553	-0.500098	0.500098	
Earth	600	6.46264	-6.53472	6.53472	-0.272069	-0.498575	0.498575	
Earth	600	6.43536	-6.5845	6.5845	-0.273561	-0.497057	0.497057	
Earth	600	6.40793	-6.63413	6.63413	-0.27503	-0.495544	0.495544	
Earth	600	6.38035	-6.68361	6.68361	-0.276477	-0.494038	0.494038	
Earth	600	6.35263	-6.73294	6.73294	-0.277901	-0.492537	0.492537	
Earth	600	6.32477	-6.78212	6.78212	-0.279304	-0.491042	0.491042	
Earth	600	6.29677	-6.83115	6.83115	-0.280685	-0.489552	0.489552	
Earth	600	6.26864	-6.88003	6.88003	-0.282045	-0.488068	0.488068	
Earth	600	6.24037	-6.92876	6.92876	-0.283383	-0.486591	0.486591	
Earth	600	6.21196	-6.97735	6.97735	-0.284701	-0.485119	0.485119	
Earth	600	6.18343	-7.02579	7.02579	-0.285999	-0.483653	0.483653	
Earth	600	6.15476	-7.07408	7.07408	-0.287276	-0.482193	0.482193	
Earth	600	6.12597	-7.12223	7.12223	-0.288534	-0.48074	0.48074	
Earth	600	6.09706	-7.17023	7.17023	-0.289771	-0.479292	0.479292	
Earth	600	6.06802	-7.21809	7.21809	-0.29099	-0.477851	0.477851	
Earth	600	6.03886	-7.2658	7.2658	-0.29219	-0.476416	0.476416	
Earth	600	6.00958	-7.31337	7.31337	-0.293371	-0.474987	0.474987	
Earth	600	5.98019	-7.3608	7.3608	-0.294533	-0.473564	0.473564	
Earth	600	5.95068	-7.40808	7.40808	-0.295678	-0.472147	0.472147	
Earth	600	5.92105	-7.45523	7.45523	-0.296804	-0.470737	0.470737	
Earth	600	5.89132	-7.50223	7.50223	-0.297913	-0.469333	0.469333	
Earth	600	5.86147	-7.54909	7.54909	-0.299004	-0.467936	0.467936	
Earth	600	5.83152	-7.59582	7.59582	-0.300078	-0.466544	0.466544	
Earth	600	5.80146	-7.6424	7.6424	-0.301135	-0.46516	0.46516	
Earth	600	5.77129	-7.68885	7.68885	-0.302176	-0.463781	0.463781	
Earth	600	5.74102	-7.73516	7.73516	-0.3032	-0.462409	0.462409	
Earth	600	5.71065	-7.78133	7.78133	-0.304208	-0.461043	0.461043	
Earth	600	5.68018	-7.82737	7.82737	-0.3052	-0.459684	0.459684	
Earth	600	5.64961	-7.87327	7.87327	-0.306176	-0.458331	0.458331	
Earth	600	5.61895	-7.91903	7.91903	-0.307137	-0.456984	0.456984	
Earth	600	5.58819	-7.96467	7.96467	-0.308083	-0.455644	0.455644	
Earth	600	5.55733	-8.01016	8.01016	-0.309013	-0.45431	0.45431	
Earth	600	5.52638	-8.05553	8.05553	-0.309929	-0.452983	0.452983	
Earth	600	5.49535	-8.10076	8.10076	-0.31083	-0.451662	0.451662	
Earth	600	5.46422	-8.14586	8.14586	-0.311717	-0.450347	0.450347	
Earth	600	5.433	-8.19083	8.19083	-0.31259	-0.449039	0.449039	
Earth	600	5.4017	-8.23567	8.23567	-0.313449	-0.447737	0.447737	
Earth	600	5.37031	-8.28038	8.28038	-0.314293	-0.446442	0.446442	
Earth	600	5.33884	-8.32496	8.32496	-0.315125	-0.445152	0.445152	
Earth	600	5.30729	-8.36941	8.36941	-0.315943	-0.44387	0.44387	
Earth	600	5.27565	-8.41373	8.41373	-0.316748	-0.442593	0.442593	
Earth	600	5.24394	-8.45793	8.45793	-0.31754	-0.441323	0.441323	
Earth	600	5.21215	-8.502	8.502	-0.318319	-0.440059	0.440059	
Earth	600	5.18028	-8.54594	8.54594	-0.319085	-0.438802	0.438802	
Earth	600	5.14833	-8.58976	8.58976	-0.31984	-0.437551	0.437551	
Earth	600	5.11631	-8.63345	8.63345	-0.320582	-0.436306	0.436306	
Earth	600	5.08422	-8.67702	8.67702	-0.321312	-0.435067	0.435067	
Earth	600	5.05205	-8.72046	8.72046	-0.32203	-0.433834	0.433834	
Earth	600	5.01981	-8.76379	8.76379	-0.322736	-0.432608	0.432608	
Earth	600	4.9875	-8.80699	8.80699	-0.323431	-0.431388	0.431388	
Earth	600	4.95512	-8.85006	8.85006	-0.324114	-0.430174	0.430174	
Earth	600	4.92268	-8.89302	8.89302	-0.324787	-0.428967	0.428967	
Earth	600	4.89017	-8.93586	8.93586	-0.325448	-0.427765	0.427765	
Earth	600	4.85759	-8.97857	8.97857	-0.326099	-0.42657	0.42657	
Earth	600	4.82495	-9.02117	9.02117	-0.326738	-0.42538	0.42538	
Earth	600	4.79224	-9.06365	9.06365	-0.327368	-0.424197	0.424197	
Earth	600	4.75948	-9.10601	9.10601	-0.327986	-0.42302	0.42302	
Earth	600	4.72665	-9.14825	9.14825	-0.328595	-0.421848	0.421848	
Earth	600	4.69376	-9.19038	9.19038	-0.329194	-0.420683	0.420683	
Earth	600	4.66081	-9.23239	9.23239	-0.329782	-0.419524	0.419524	
Earth	600	4.6278	-9.27429	9.27429	-0.330361	-0.418371	0.418371	
Earth	600	4.59474	-9.31607	9.31607	-0.33093	-0.417223	0.417223	
Earth	600	4.56162	-9.35773	9.35773	-0.33149	-0.416082	0.416082	
Earth	600	4.52844	-9.39928	9.39928	-0.33204	-0.414946	0.414946	
Earth	600	4.49521	-9.44072	9.44072	-0.332581	-0.413817	0.413817	
Earth	600	4.46192	-9.48205	9.48205	-0.333113	-0.412693	0.412693	
Earth	600	4.42859	-9.52326	9.52326	-0.333636	-0.411575	0.411575	
Earth	600	4.3952	-9.56436	9.56436	-0.334151	-0.410462	0.410462	
Earth	600	4.36176	-9.60535	9.60535	-0.334656	-0.409356	0.409356	
Earth	600	4.32827	-9.64623	9.64623	-0.335153	-0.408255	0.408255	
Earth	600	4.29473	-9.687	9.687	-0.335642	-0.40716	0.40716	
Earth	600	4.26114	-9.72767	9.72767	-0.336122	-0.40607	0.40607	
Earth	600	4.2275	-9.76822	9.76822	-0.336594	-0.404986	0.404986	
Earth	600	4.19382	-9.80866	9.80866	-0.337058	-0.403908	0.403908	
Earth	600	4.16009	-9.849	9.849	-0.337513	-0.402835	0.402835	
Earth	600	4.12632	-9.88923	9.88923	-0.337961	-0.401768	0.401768	
Earth	600	4.0925	-9.92935	9.92935	-0.338402	-0.400706	0.400706	
Earth	600	4.05864	-9.96937	9.96937	-0.338834	-0.39965	0.39965	
Earth	600	4.02473	-10.0093	10.0093	-0.339259	-0.398599	0.398599	
Earth	600	3.99079	-10.0491	10.0491	-0.339677	-0.397554	0.397554	
Earth	600	3.9568	-10.0888	10.0888	-0.340088	-0.396514	0.396514	
Earth	600	3.92277	-10.1284	10.1284	-0.340491	-0.39548	0.39548	
Earth	600	3.8887	-10.1679	10.1679	-0.340887	-0.39445	0.39445	
Earth	600	3.85459	-10.2073	10.2073	-0.341276	-0.393427	0.393427	
Earth	600	3.82044	-10.2466	10.2466	-0.341658	-0.392408	0.392408	
Earth	600	3.78626	-10.2858	10.2858	-0.342034	-0.391395	0.391395	
Earth	600	3.75204	-10.3249	10.3249	-0.342402	-0.390386	0.390386	
Earth	600	3.71778	-10.3638	10.3638	-0.342764	-0.389384	0.389384	
Earth	600	3.68349	-10.4027	10.4027	-0.34312	-0.388386	0.388386	
Earth	600	3.64916	-10.4415	10.4415	-0.343469	-0.387393	0.387393	
Earth	600	3.61479	-10.4802	10.4802	-0.343812	-0.386406	0.386406	
Earth	600	3.58039	-10.5188	10.5188	-0.344149	-0.385423	0.385423	
Earth	600	3.54596	-10.5573	10.5573	-0.344479	-0.384446	0.384446	
Earth	600	3.5115	-10.5957	10.5957	-0.344804	-0.383473	0.383473	
Earth	600	3.477	-10.634	10.634	-0.345122	-0.382506	0.382506	
Earth	600	3.44247	-10.6722	10.6722	-0.345435	-0.381543	0.381543	
Earth	600	3.40792	-10.7103	10.7103	-0.345741	-0.380586	0.380586	
Earth	600	3.37333	-10.7483	10.7483	-0.346043	-0.379633	0.379633	
Earth	600	3.33871	-10.7862	10.7862	-0.346338	-0.378685	0.378685	
Earth	600	3.30406	-10.824	10.824	-0.346628	-0.377743	0.377743	
Earth	600	3.26938	-10.8618	10.8618	-0.346912	-0.376804	0.376804	
Earth	600	3.23468	-10.8994	10.8994	-0.347191	-0.375871	0.375871	
Earth	600	3.19994	-10.937	10.937	-0.347465	-0.374942	0.374942	
Earth	600	3.16518	-10.9744	10.9744	-0.347733	-0.374019	0.374019	
Earth	600	3.1304	-11.0118	11.0118	-0.347996	-0.373099	0.373099	
Earth	600	3.09559	-11.049	11.049	-0.348254	-0.372185	0.372185	
Earth	600	3.06075	-11.0862	11.0862	-0.348508	-0.371275	0.371275	
Earth	600	3.02588	-11.1233	11.1233	-0.348756	-0.37037	0.37037	
Earth	600	2.991	-11.1603	11.1603	-0.348999	-0.369469	0.369469	
Earth	600	2.95608	-11.1972	11.1972	-0.349237	-0.368573	0.368573	
Earth	600	2.92115	-11.234	11.234	-0.349471	-0.367681	0.367681	
Earth	600	2.88619	-11.2707	11.2707	-0.3497	-0.366794	0.366794	
Earth	600	2.85121	-11.3073	11.3073	-0.349924	-0.365911	0.365911	
Earth	600	2.81621	-11.3439	11.3439	-0.350144	-0.365033	0.365033	
Earth	600	2.78118	-11.3803	11.3803	-0.350359	-0.364159	0.364159	
Earth	600	2.74613	-11.4167	11.4167	-0.35057	-0.36329	0.36329	
Earth	600	2.71107	-11.453	11.453	-0.350776	-0.362425	0.362425	
Earth	600	2.67598	-11.4892	11.4892	-0.350978	-0.361564	0.361564	
Earth	600	2.64087	-11.5253	11.5253	-0.351176	-0.360708	0.360708	
Earth	600	2.60574	-11.5613	11.5613	-0.35137	-0.359855	0.359855	
Earth	600	2.5706	-11.5973	11.5973	-0.351559	-0.359007	0.359007	
Earth	600	2.53543	-11.6331	11.6331	-0.351745	-0.358164	0.358164	
Earth	600	2.50025	-11.6689	11.6689	-0.351926	-0.357324	0.357324	
Earth	600	2.46505	-11.7046	11.7046	-0.352104	-0.356489	0.356489	
Earth	600	2.42983	-11.7402	11.7402	-0.352277	-0.355657	0.355657	
Earth	600	2.39459	-11.7757	11.7757	-0.352447	-0.35483	0.35483	
Earth	600	2.35934	-11.8112	11.8112	-0.352613	-0.354007	0.354007	
Earth	600	2.32407	-11.8465	11.8465	-0.352775	-0.353188	0.353188	
Earth	600	2.28878	-11.8818	11.8818	-0.352933	-0.352373	0.352373	
Earth	600	2.25348	-11.917	11.917	-0.353088	-0.351562	0.351562	
Earth	600	2.21817	-11.9521	11.9521	-0.353239	-0.350755	0.350755	
Earth	600	2.18284	-11.9872	11.9872	-0.353387	-0.349952	0.349952	
Earth	600	2.14749	-12.0221	12.0221	-0.353531	-0.349153	0.349153	
Earth	600	2.11213	-12.057	12.057	-0.353672	-0.348358	0.348358	
Earth	600	2.07676	-12.0918	12.0918	-0.353809	-0.347567	0.347567	
Earth	600	2.04137	-12.1265	12.1265	-0.353943	-0.346779	0.346779	
Earth	600	2.00597	-12.1612	12.1612	-0.354074	-0.345995	0.345995	
Earth	600	1.97055	-12.1957	12.1957	-0.354201	-0.345216	0.345216	
Earth	600	1.93513	-12.2302	12.2302	-0.354325	-0.34444	0.34444	
Earth	600	1.89969	-12.2646	12.2646	-0.354446	-0.343667	0.343667	
Earth	600	1.86424	-12.2989	12.2989	-0.354564	-0.342899	0.342899	
Earth	600	1.82878	-12.3332	12.3332	-0.354678	-0.342134	0.342134	
Earth	600	1.7933	-12.3674	12.3674	-0.35479	-0.341373	0.341373	
Earth	600	1.75782	-12.4015	12.4015	-0.354899	-0.340615	0.340615	
Earth	600	1.72232	-12.4355	12.4355	-0.355004	-0.339861	0.339861	
Earth	600	1.68682	-12.4694	12.4694	-0.355107	-0.339111	0.339111	
Earth	600	1.6513	-12.5033	12.5033	-0.355207	-0.338364	0.338364	
Earth	600	1.61578	-12.5371	12.5371	-0.355304	-0.337621	0.337621	
Earth	600	1.58024	-12.5708	12.5708	-0.355398	-0.336881	0.336881	
Earth	600	1.5447	-12.6045	12.6045	-0.355489	-0.336145	0.336145	
Earth	600	1.50914	-12.6381	12.6381	-0.355578	-0.335413	0.335413	
Earth	600	1.47358	-12.6716	12.6716	-0.355664	-0.334684	0.334684	
Earth	600	1.43801	-12.705	12.705	-0.355747	-0.333958	0.333958	
Earth	600	1.40243	-12.7384	12.7384	-0.355828	-0.333236	0.333236	
Earth	600	1.36685	-12.7716	12.7716	-0.355906	-0.332517	0.332517	
Earth	600	1.33125	-12.8049	12.8049	-0.355981	-0.331801	0.331801	
Earth	600	1.29565	-12.838	12.838	-0.356054	-0.331089	0.331089	
Earth	600	1.26004	-12.8711	12.8711	-0.356125	-0.330381	0.330381	
Earth	600	1.22442	-12.9041	12.9041	-0.356193	-0.329675	0.329675	
Earth	600	1.1888	-12.937	12.937	-0.356258	-0.328973	0.328973	
Earth	600	1.15317	-12.9699	12.9699	-0.356321	-0.328274	0.328274	
Earth	600	1.11754	-13.0027	13.0027	-0.356382	-0.327579	0.327579	
Earth	600	1.0819	-13.0354	13.0354	-0.356441	-0.326886	0.326886	
Earth	600	1.04625	-13.068	13.068	-0.356497	-0.326197	0.326197	
Earth	600	1.0106	-13.1006	13.1006	-0.356551	-0.325511	0.325511	
Earth	600	0.97494	-13.1331	13.1331	-0.356602	-0.324828	0.324828	
Earth	600	0.939277	-13.1656	13.1656	-0.356652	-0.324149	0.324149	
Earth	600	0.903609	-13.198	13.198	-0.356699	-0.323472	0.323472	
Earth	600	0.867937	-13.2303	13.2303	-0.356744	-0.322799	0.322799	
Earth	600	0.832261	-13.2625	13.2625	-0.356787	-0.322128	0.322128	
Earth	600	0.79658	-13.2947	13.2947	-0.356828	-0.321461	0.321461	
Earth	600	0.760895	-13.3268	13.3268	-0.356867	-0.320797	0.320797	
Earth	600	0.725207	-13.3589	13.3589	-0.356904	-0.320136	0.320136	
Earth	600	0.689514	-13.3909	13.3909	-0.356939	-0.319478	0.319478	
Earth	600	0.653819	-13.4228	13.4228	-0.356972	-0.318823	0.318823	
Earth	600	0.61812	-13.4546	13.4546	-0.357002	-0.31817	0.31817	
Earth	600	0.582419	-13.4864	13.4864	-0.357031	-0.317521	0.317521	
Earth	600	0.546714	-13.5181	13.5181	-0.357058	-0.316875	0.316875	
Earth	600	0.511007	-13.5498	13.5498	-0.357084	-0.316231	0.316231	
Earth	600	0.475297	-13.5814	13.5814	-0.357107	-0.315591	0.315591	
Earth	600	0.439586	-13.6129	13.6129	-0.357128	-0.314953	0.314953	
Earth	600	0.403872	-13.6444	13.6444	-0.357148	-0.314319	0.314319	
Earth	600	0.368156	-13.6758	13.6758	-0.357166	-0.313687	0.313687	
Earth	600	0.332439	-13.7071	13.7071	-0.357182	-0.313058	0.313058	
Earth	600	0.29672	-13.7384	13.7384	-0.357196	-0.312431	0.312431	
Earth	600	0.261	-13.7696	13.7696	-0.357209	-0.311808	0.311808	
Earth	600	0.225278	-13.8007	13.8007	-0.35722	-0.311187	0.311187	
Earth	600	0.189556	-13.8318	13.8318	-0.357229	-0.310569	0.310569	
Earth	600	0.153833	-13.8629	13.8629	-0.357237	-0.309954	0.309954	
Earth	600	0.118109	-13.8938	13.8938	-0.357243	-0.309341	0.309341	
Earth	600	0.082384	-13.9247	13.9247	-0.357247	-0.308732	0.308732	
Earth	600	0.0466592	-13.9556	13.9556	-0.35725	-0.308125	0.308125	
Earth	600	0.0109341	-13.9863	13.9863	-0.357251	-0.30752	0.30752	
Earth	600	-0.024791	-14.0171	14.0171	-0.357251	-0.306918	0.306918	
Earth	600	-0.060516	-14.0477	14.0477	-0.357249	-0.306319	0.306319	
Earth	600	-0.0962407	-14.0783	14.0783	-0.357246	-0.305723	0.305723	
Earth	600	-0.131965	-14.1089	14.1089	-0.357241	-0.305129	0.305129	
Earth	600	-0.167689	-14.1394	14.1394	-0.357235	-0.304537	0.304537	
Earth	600	-0.203412	-14.1698	14.1698	-0.357227	-0.303948	0.303948	
Earth	600	-0.239134	-14.2001	14.2001	-0.357218	-0.303362	0.303362	
Earth	600	-0.274855	-14.2305	14.2305	-0.357207	-0.302778	0.302778	
Earth	600	-0.310575	-14.2607	14.2607	-0.357195	-0.302197	0.302197	
Earth	600	-0.346294	-14.2909	14.2909	-0.357182	-0.301619	0.301619	
Earth	600	-0.382012	-14.321	14.321	-0.357167	-0.301042	0.301042	
Earth	600	-0.417728	-14.3511	14.3511	-0.357151	-0.300469	0.300469	
Earth	600	-0.453442	-14.3811	14.3811	-0.357134	-0.299897	0.299897	
Earth	600	-0.489154	-14.4111	14.4111	-0.357115	-0.299329	0.299329	
Earth	600	-0.524865	-14.441	14.441	-0.357095	-0.298762	0.298762	
Earth	600	-0.560574	-14.4708	14.4708	-0.357074	-0.298198	0.298198	
Earth	600	-0.59628	-14.5006	14.5006	-0.357052	-0.297637	0.297637	
Earth	600	-0.631984	-14.5304	14.5304	-0.357028	-0.297077	0.297077	
Earth	600	-0.667685	-14.56	14.56	-0.357003	-0.296521	0.296521	
Earth	600	-0.703384	-14.5897	14.5897	-0.356977	-0.295966	0.295966	
Earth	600	-0.739081	-14.6192	14.6192	-0.35695	-0.295414	0.295414	
Earth	600	-0.774774	-14.6487	14.6487	-0.356922	-0.294864	0.294864	
Earth	600	-0.810465	-14.6782	14.6782	-0.356892	-0.294317	0.294317	
Earth	600	-0.846153	-14.7076	14.7076	-0.356861	-0.293771	0.293771	
Earth	600	-0.881837	-14.737	14.737	-0.356829	-0.293229	0.293229	
Earth	600	-0.917518	-14.7663	14.7663	-0.356796	-0.292688	0.292688	
Earth	600	-0.953196	-14.7955	14.7955	-0.356762	-0.292149	0.292149	
Earth	600	-0.988871	-14.8247	14.8247	-0.356727	-0.291613	0.291613	
Earth	600	-1.02454	-14.8538	14.8538	-0.356691	-0.291079	0.291079	
Earth	600	-1.06021	-14.8829	14.8829	-0.356654	-0.290548	0.290548	
Earth	600	-1.09587	-14.9119	14.9119	-0.356615	-0.290018	0.290018	
Earth	600	-1.13153	-14.9409	14.9409	-0.356576	-0.289491	0.289491	
Earth	600	-1.16719	-14.9698	14.9698	-0.356536	-0.288966	0.288966	
Earth	600	-1.20284	-14.9987	14.9987	-0.356494	-0.288443	0.288443	
Earth	600	-1.23849	-15.0275	15.0275	-0.356452	-0.287922	0.287922	
Earth	600	-1.27413	-15.0563	15.0563	-0.356409	-0.287403	0.287403	
Earth	600	-1.30977	-15.085	15.085	-0.356364	-0.286886	0.286886	
Earth	600	-1.3454	-15.1137	15.1137	-0.356319	-0.286372	0.286372	
Earth	600	-1.38103	-15.1423	15.1423	-0.356273	-0.285859	0.285859	
Earth	600	-1.41666	-15.1708	15.1708	-0.356226	-0.285349	0.285349	
Earth	600	-1.45228	-15.1993	15.1993	-0.356178	-0.284841	0.284841	
Earth	600	-1.48789	-15.2278	15.2278	-0.356129	-0.284335	0.284335	
Earth	600	-1.5235	-15.2562	15.2562	-0.356079	-0.283831	0.283831	
Earth	600	-1.55911	-15.2846	15.2846	-0.356028	-0.283328	0.283328	
Earth	600	-1.59471	-15.3129	15.3129	-0.355977	-0.282828	0.282828	
Earth	600	-1.6303	-15.3411	15.3411	-0.355924	-0.28233	0.28233	
Earth	600	-1.66589	-15.3693	15.3693	-0.355871	-0.281834	0.281834	
Earth	600	-1.70148	-15.3975	15.3975	-0.355817	-0.28134	0.28134	
Earth	600	-1.73706	-15.4256	15.4256	-0.355762	-0.280848	0.280848	
Earth	600	-1.77263	-15.4537	15.4537	-0.355706	-0.280358	0.280358	
Earth	600	-1.8082	-15.4817	15.4817	-0.35565	-0.279869	0.279869	
Earth	600	-1.84376	-15.5096	15.5096	-0.355593	-0.279383	0.279383	
Earth	600	-1.87932	-15.5376	15.5376	-0.355535	-0.278899	0.278899	
Earth	600	-1.91487	-15.5654	15.5654	-0.355476	-0.278416	0.278416	
Earth	600	-1.95041	-15.5932	15.5932	-0.355416	-0.277936	0.277936	
Earth	600	-1.98595	-15.621	15.621	-0.355356	-0.277457	0.277457	
Earth	600	-2.02148	-15.6487	15.6487	-0.355295	-0.27698	0.27698	
Earth	600	-2.05701	-15.6764	15.6764	-0.355233	-0.276506	0.276506	
Earth	600	-2.09253	-15.704	15.704	-0.35517	-0.276033	0.276033	
Earth	600	-2.12804	-15.7316	15.7316	-0.355107	-0.275561	0.275561	
Earth	600	-2.16355	-15.7591	15.7591	-0.355043	-0.275092	0.275092	
Earth	600	-2.19905	-15.7866	15.7866	-0.354978	-0.274625	0.274625	
Earth	600	-2.23455	-15.8141	15.8141	-0.354913	-0.274159	0.274159	
Earth	600	-2.27003	-15.8415	15.8415	-0.354847	-0.273695	0.273695	
Earth	600	-2.30552	-15.8688	15.8688	-0.35478	-0.273233	0.273233	
Earth	600	-2.34099	-15.8961	15.8961	-0.354713	-0.272773	0.272773	
Earth	600	-2.37646	-15.9234	15.9234	-0.354645	-0.272314	0.272314	
Earth	600	-2.41192	-15.9506	15.9506	-0.354576	-0.271857	0.271857	
Earth	600	-2.44737	-15.9777	15.9777	-0.354507	-0.271402	0.271402	
Earth	600	-2.48282	-16.0049	16.0049	-0.354437	-0.270949	0.270949	
Earth	600	-2.51826	-16.0319	16.0319	-0.354367	-0.270497	0.270497	
Earth	600	-2.55369	-16.059	16.059	-0.354296	-0.270048	0.270048	
Earth	600	-2.58912	-16.0859	16.0859	-0.354224	-0.2696	0.2696	
Earth	600	-2.62454	-16.1129	16.1129	-0.354152	-0.269153	0.269153	
Earth	600	-2.65995	-16.1398	16.1398	-0.354079	-0.268708	0.268708	
Earth	600	-2.69535	-16.1666	16.1666	-0.354005	-0.268265	0.268265	
Earth	600	-2.73075	-16.1934	16.1934	-0.353931	-0.267824	0.267824	
Earth	600	-2.76614	-16.2202	16.2202	-0.353857	-0.267384	0.267384	
Earth	600	-2.80152	-16.2469	16.2469	-0.353782	-0.266946	0.266946	
Earth	600	-2.8369	-16.2736	16.2736	-0.353706	-0.26651	0.26651	
Earth	600	-2.87226	-16.3002	16.3002	-0.35363	-0.266075	0.266075	
Earth	600	-2.90762	-16.3268	16.3268	-0.353553	-0.265642	0.265642	
Earth	600	-2.94297	-16.3533	16.3533	-0.353476	-0.265211	0.265211	
Earth	600	-2.97832	-16.3798	16.3798	-0.353398	-0.264781	0.264781	
Earth	600	-3.01365	-16.4063	16.4063	-0.35332	-0.264353	0.264353	
Earth	600	-3.04898	-16.4327	16.4327	-0.353241	-0.263926	0.263926	
Earth	600	-3.0843	-16.4591	16.4591	-0.353162	-0.263501	0.263501	
Earth	600	-3.11961	-16.4854	16.4854	-0.353082	-0.263077	0.263077	
Earth	600	-3.15492	-16.5117	16.5117	-0.353002	-0.262655	0.262655	
Earth	600	-3.19021	-16.5379	16.5379	-0.352921	-0.262235	0.262235	
Earth	600	-3.2255	-16.5641	16.5641	-0.35284	-0.261816	0.261816	
Earth	600	-3.26078	-16.5903	16.5903	-0.352758	-0.261399	0.261399	
Earth	600	-3.29605	-16.6164	16.6164	-0.352676	-0.260983	0.260983	
Earth	600	-3.33132	-16.6425	16.6425	-0.352594	-0.260569	0.260569	
Earth	600	-3.36657	-16.6685	16.6685	-0.352511	-0.260156	0.260156	
Earth	600	-3.40182	-16.6945	16.6945	-0.352427	-0.259745	0.259745	
Earth	600	-3.43706	-16.7205	16.7205	-0.352344	-0.259335	0.259335	
Earth	600	-3.47229	-16.7464	16.7464	-0.352259	-0.258927	0.258927	
Earth	600	-3.50751	-16.7723	16.7723	-0.352175	-0.25852	0.25852	
Earth	600	-3.54272	-16.7981	16.7981	-0.352089	-0.258115	0.258115	
Earth	600	-3.57793	-16.8239	16.8239	-0.352004	-0.257711	0.257711	
Earth	600	-3.61312	-16.8496	16.8496	-0.351918	-0.257309	0.257309	
Earth	600	-3.64831	-16.8753	16.8753	-0.351832	-0.256908	0.256908	
Earth	600	-3.68349	-16.901	16.901	-0.351745	-0.256508	0.256508	
Earth	600	-3.71866	-16.9266	16.9266	-0.351658	-0.25611	0.25611	
Earth	600	-3.75382	-16.9522	16.9522	-0.35157	-0.255714	0.255714	
Earth	600	-3.78897	-16.9778	16.9778	-0.351482	-0.255319	0.255319	
Earth	600	-3.82412	-17.0033	17.0033	-0.351394	-0.254925	0.254925	
Earth	600	-3.85925	-17.0288	17.0288	-0.351306	-0.254533	0.254533	
Earth	600	-3.89438	-17.0542	17.0542	-0.351217	-0.254142	0.254142	
Earth	600	-3.9295	-17.0796	17.0796	-0.351127	-0.253752	0.253752	
Earth	600	-3.96461	-17.105	17.105	-0.351038	-0.253364	0.253364	
Earth	600	-3.9997	-17.1303	17.1303	-0.350948	-0.252977	0.252977	
Earth	600	-4.03479	-17.1556	17.1556	-0.350857	-0.252591	0.252591	
Earth	600	-4.06988	-17.1808	17.1808	-0.350767	-0.252207	0.252207	
Earth	600	-4.10495	-17.206	17.206	-0.350676	-0.251824	0.251824	
Earth	600	-4.14001	-17.2312	17.2312	-0.350584	-0.251443	0.251443	
Earth	600	-4.17507	-17.2563	17.2563	-0.350493	-0.251063	0.251063	
Earth	600	-4.21011	-17.2814	17.2814	-0.350401	-0.250684	0.250684	
Earth	600	-4.24515	-17.3064	17.3064	-0.350309	-0.250307	0.250307	
Earth	600	-4.28017	-17.3314	17.3314	-0.350216	-0.249931	0.249931	
Earth	600	-4.31519	-17.3564	17.3564	-0.350123	-0.249556	0.249556	
Earth	600	-4.3502	-17.3813	17.3813	-0.35003	-0.249182	0.249182	
Earth	600	-4.38519	-17.4062	17.4062	-0.349937	-0.24881	0.24881	
Earth	600	-4.42018	-17.4311	17.4311	-0.349843	-0.248439	0.248439	
Earth	600	-4.45516	-17.4559	17.4559	-0.349749	-0.248069	0.248069	
Earth	600	-4.49013	-17.4807	17.4807	-0.349654	-0.247701	0.247701	
Earth	600	-4.52509	-17.5055	17.5055	-0.34956	-0.247334	0.247334	
Earth	600	-4.56005	-17.5302	17.5302	-0.349465	-0.246968	0.246968	
Earth	600	-4.59499	-17.5549	17.5549	-0.34937	-0.246604	0.246604	
Earth	600	-4.62992	-17.5795	17.5795	-0.349274	-0.24624	0.24624	
Earth	600	-4.66484	-17.6041	17.6041	-0.349179	-0.245878	0.245878	
Earth	600	-4.69975	-17.6287	17.6287	-0.349083	-0.245517	0.245517	
Earth	600	-4.73466	-17.6532	17.6532	-0.348987	-0.245157	0.245157	
Earth	600	-4.76955	-17.6777	17.6777	-0.34889	-0.244799	0.244799	
Earth	600	-4.80444	-17.7022	17.7022	-0.348794	-0.244442	0.244442	
Earth	600	-4.83931	-17.7266	17.7266	-0.348697	-0.244086	0.244086	
Earth	600	-4.87418	-17.751	17.751	-0.348599	-0.243731	0.243731	
Earth	600	-4.90903	-17.7754	17.7754	-0.348502	-0.243377	0.243377	
Earth	600	-4.94388	-17.7997	17.7997	-0.348405	-0.243025	0.243025	
Earth	600	-4.97871	-17.824	17.824	-0.348307	-0.242674	0.242674	
Earth	600	-5.01354	-17.8482	17.8482	-0.348209	-0.242324	0.242324	
Earth	600	-5.04835	-17.8724	17.8724	-0.34811	-0.241975	0.241975	
Earth	600	-5.08316	-17.8966	17.8966	-0.348012	-0.241627	0.241627	
Earth	600	-5.11796	-17.9207	17.9207	-0.347913	-0.24128	0.24128	
Earth	600	-5.15274	-17.9449	17.9449	-0.347814	-0.240935	0.240935	
Earth	600	-5.18752	-17.9689	17.9689	-0.347715	-0.240591	0.240591	
Earth	600	-5.22229	-17.993	17.993	-0.347616	-0.240248	0.240248	
Earth	600	-5.25704	-18.017	18.017	-0.347516	-0.239906	0.239906	
Earth	600	-5.29179	-18.041	18.041	-0.347417	-0.239565	0.239565	
Earth	600	-5.32652	-18.0649	18.0649	-0.347317	-0.239225	0.239225	
Earth	600	-5.36125	-18.0888	18.0888	-0.347217	-0.238886	0.238886	
Earth	600	-5.39597	-18.1127	18.1127	-0.347116	-0.238549	0.238549	
Earth	600	-5.43067	-18.1365	18.1365	-0.347016	-0.238213	0.238213	
Earth	600	-5.46537	-18.1603	18.1603	-0.346915	-0.237877	0.237877	
Earth	600	-5.50006	-18.1841	18.1841	-0.346814	-0.237543	0.237543	
Earth	600	-5.53473	-18.2078	18.2078	-0.346713	-0.23721	0.23721	
Earth	600	-5.5694	-18.2315	18.2315	-0.346612	-0.236878	0.236878	
Earth	600	-5.60406	-18.2552	18.2552	-0.346511	-0.236547	0.236547	
Earth	600	-5.6387	-18.2788	18.2788	-0.346409	-0.236217	0.236217	
Earth	600	-5.67334	-18.3024	18.3024	-0.346308	-0.235888	0.235888	
Earth	600	-5.70796	-18.326	18.326	-0.346206	-0.235561	0.235561	
Earth	600	-5.74258	-18.3496	18.3496	-0.346104	-0.235234	0.235234	
Earth	600	-5.77718	-18.3731	18.3731	-0.346002	-0.234908	0.234908	
Earth	600	-5.81178	-18.3965	18.3965	-0.345899	-0.234584	0.234584	
Earth	600	-5.84636	-18.42	18.42	-0.345797	-0.23426	0.23426	
Earth	600	-5.88094	-18.4434	18.4434	-0.345694	-0.233938	0.233938	
Earth	600	-5.9155	-18.4668	18.4668	-0.345591	-0.233616	0.233616	
Earth	600	-5.95006	-18.4901	18.4901	-0.345489	-0.233296	0.233296	
Earth	600	-5.9846	-18.5134	18.5134	-0.345386	-0.232976	0.232976	
Earth	600	-6.01913	-18.5367	18.5367	-0.345282	-0.232658	0.232658	
Earth	600	-6.05366	-18.56	18.56	-0.345179	-0.232341	0.232341	
Earth	600	-6.08817	-18.5832	18.5832	-0.345076	-0.232024	0.232024	
Earth	600	-6.12267	-18.6064	18.6064	-0.344972	-0.231709	0.231709	
Earth	600	-6.15716	-18.6295	18.6295	-0.344868	-0.231394	0.231394	
Earth	600	-6.19165	-18.6526	18.6526	-0.344765	-0.231081	0.231081	
Earth	600	-6.22612	-18.6757	18.6757	-0.344661	-0.230769	0.230769	
Earth	600	-6.26058	-18.6988	18.6988	-0.344557	-0.230457	0.230457	
Earth	600	-6.29503	-18.7218	18.7218	-0.344453	-0.230147	0.230147	
Earth	600	-6.32947	-18.7448	18.7448	-0.344348	-0.229837	0.229837	
Earth	600	-6.3639	-18.7678	18.7678	-0.344244	-0.229529	0.229529	
Earth	600	-6.39832	-18.7907	18.7907	-0.344139	-0.229221	0.229221	
Earth	600	-6.43273	-18.8136	18.8136	-0.344035	-0.228915	0.228915	
Earth	600	-6.46712	-18.8365	18.8365	-0.34393	-0.228609	0.228609	
Earth	600	-6.50151	-18.8594	18.8594	-0.343825	-0.228304	0.228304	
Earth	600	-6.53589	-18.8822	18.8822	-0.34372	-0.228001	0.228001	
Earth	600	-6.57026	-18.905	18.905	-0.343615	-0.227698	0.227698	
Earth	600	-6.60461	-18.9277	18.9277	-0.34351	-0.227396	0.227396	
Earth	600	-6.63896	-18.9504	18.9504	-0.343405	-0.227095	0.227095	
Earth	600	-6.67329	-18.9731	18.9731	-0.3433	-0.226795	0.226795	
Earth	600	-6.70762	-18.9958	18.9958	-0.343194	-0.226496	0.226496	
Earth	600	-6.74193	-19.0184	19.0184	-0.343089	-0.226198	0.226198	
Earth	600	-6.77624	-19.041	19.041	-0.342983	-0.225901	0.225901	
Earth	600	-6.81053	-19.0636	19.0636	-0.342878	-0.225604	0.225604	
Earth	600	-6.84481	-19.0862	19.0862	-0.342772	-0.225309	0.225309	
Earth	600	-6.87908	-19.1087	19.1087	-0.342666	-0.225014	0.225014	
Earth	600	-6.91335	-19.1312	19.1312	-0.34256	-0.224721	0.224721	
Earth	600	-6.9476	-19.1536	19.1536	-0.342454	-0.224428	0.224428	
Earth	600	-6.98184	-19.176	19.176	-0.342348	-0.224136	0.224136	
Earth	600	-7.01607	-19.1984	19.1984	-0.342242	-0.223845	0.223845	
Earth	600	-7.05028	-19.2208	19.2208	-0.342136	-0.223555	0.223555	
Earth	600	-7.08449	-19.2432	19.2432	-0.342029	-0.223266	0.223266	
Earth	600	-7.11869	-19.2655	19.2655	-0.341923	-0.222978	0.222978	
Earth	600	-7.15288	-19.2878	19.2878	-0.341817	-0.22269	0.22269	
Earth	600	-7.18705	-19.31	19.31	-0.34171	-0.222404	0.222404	
Earth	600	-7.22122	-19.3322	19.3322	-0.341604	-0.222118	0.222118	
Earth	600	-7.25537	-19.3544	19.3544	-0.341497	-0.221833	0.221833	
Earth	600	-7.28952	-19.3766	19.3766	-0.34139	-0.221549	0.221549	
Earth	600	-7.32365	-19.3987	19.3987	-0.341284	-0.221266	0.221266	
Earth	600	-7.35778	-19.4209	19.4209	-0.341177	-0.220983	0.220983	
Earth	600	-7.39189	-19.4429	19.4429	-0.34107	-0.220702	0.220702	
Earth	600	-7.42599	-19.465	19.465	-0.340963	-0.220421	0.220421	
Earth	600	-7.46008	-19.487	19.487	-0.340856	-0.220141	0.220141	
Earth	600	-7.49416	-19.509	19.509	-0.340749	-0.219862	0.219862	
Earth	600	-7.52823	-19.531	19.531	-0.340642	-0.219584	0.219584	
Earth	600	-7.56229	-19.5529	19.5529	-0.340535	-0.219307	0.219307	
Earth	600	-7.59634	-19.5749	19.5749	-0.340428	-0.21903	0.21903	
Earth	600	-7.63037	-19.5967	19.5967	-0.340321	-0.218755	0.218755	
Earth	600	-7.6644	-19.6186	19.6186	-0.340214	-0.21848	0.21848	
Earth	600	-7.69842	-19.6404	19.6404	-0.340106	-0.218205	0.218205	
Earth	600	-7.73242	-19.6622	19.6622	-0.339999	-0.217932	0.217932	
Earth	600	-7.76642	-19.684	19.684	-0.339892	-0.21766	0.21766	
Earth	600	-7.8004	-19.7058	19.7058	-0.339784	-0.217388	0.217388	
Earth	600	-7.83437	-19.7275	19.7275	-0.339677	-0.217117	0.217117	
Earth	600	-7.86834	-19.7492	19.7492	-0.339569	-0.216847	0.216847	
Earth	600	-7.90229	-19.7709	19.7709	-0.339462	-0.216577	0.216577	
Earth	600	-7.93623	-19.7925	19.7925	-0.339354	-0.216309	0.216309	
Earth	600	-7.97016	-19.8141	19.8141	-0.339247	-0.216041	0.216041	
Earth	600	-8.00408	-19.8357	19.8357	-0.339139	-0.215774	0.215774	
Earth	600	-8.03799	-19.8573	19.8573	-0.339032	-0.215508	0.215508	
Earth	600	-8.07188	-19.8788	19.8788	-0.338924	-0.215242	0.215242	
Earth	600	-8.10577	-19.9003	19.9003	-0.338816	-0.214978	0.214978	
Earth	600	-8.13965	-19.9218	19.9218	-0.338709	-0.214714	0.214714	
Earth	600	-8.17351	-19.9433	19.9433	-0.338601	-0.21445	0.21445	
Earth	600	-8.20737	-19.9647	19.9647	-0.338493	-0.214188	0.214188	
Earth	600	-8.24121	-19.9861	19.9861	-0.338385	-0.213926	0.213926	
Earth	600	-8.27504	-20.0075	20.0075	-0.338278	-0.213665	0.213665	
Earth	600	-8.30887	-20.0289	20.0289	-0.33817	-0.213405	0.213405	
Earth	600	-8.34268	-20.0502	20.0502	-0.338062	-0.213146	0.213146	
Earth	600	-8.37648	-20.0715	20.0715	-0.337954	-0.212887	0.212887	
Earth	600	-8.41027	-20.0928	20.0928	-0.337846	-0.212629	0.212629	
Earth	600	-8.44405	-20.114	20.114	-0.337739	-0.212371	0.212371	
Earth	600	-8.47782	-20.1352	20.1352	-0.337631	-0.212115	0.212115	
Earth	600	-8.51158	-20.1564	20.1564	-0.337523	-0.211859	0.211859	
Earth	600	-8.54532	-20.1776	20.1776	-0.337415	-0.211604	0.211604	
Earth	600	-8.57906	-20.1988	20.1988	-0.337307	-0.21135	0.21135	
Earth	600	-8.61278	-20.2199	20.2199	-0.337199	-0.211096	0.211096	
Earth	600	-8.6465	-20.241	20.241	-0.337091	-0.210843	0.210843	
Earth	600	-8.6802	-20.262	20.262	-0.336983	-0.210591	0.210591	
Earth	600	-8.71389	-20.2831	20.2831	-0.336875	-0.210339	0.210339	
Earth	600	-8.74758	-20.3041	20.3041	-0.336767	-0.210088	0.210088	
Earth	600	-8.78125	-20.3251	20.3251	-0.336659	-0.209838	0.209838	
Earth	600	-8.81491	-20.3461	20.3461	-0.336552	-0.209589	0.209589	
Earth	600	-8.84856	-20.367	20.367	-0.336444	-0.20934	0.20934	
Earth	600	-8.8822	-20.3879	20.3879	-0.336336	-0.209092	0.209092	
Earth	600	-8.91583	-20.4088	20.4088	-0.336228	-0.208844	0.208844	
Earth	600	-8.94944	-20.4297	20.4297	-0.33612	-0.208598	0.208598	
Earth	600	-8.98305	-20.4506	20.4506	-0.336012	-0.208352	0.208352	
Earth	600	-9.01665	-20.4714	20.4714	-0.335904	-0.208106	0.208106	
Earth	600	-9.05023	-20.4922	20.4922	-0.335796	-0.207861	0.207861	
Earth	600	-9.0838	-20.513	20.513	-0.335688	-0.207617	0.207617	
Earth	600	-9.11737	-20.5337	20.5337	-0.33558	-0.207374	0.207374	
Earth	600	-9.15092	-20.5544	20.5544	-0.335472	-0.207131	0.207131	
Earth	600	-9.18446	-20.5751	20.5751	-0.335364	-0.206889	0.206889	
Earth	600	-9.21799	-20.5958	20.5958	-0.335257	-0.206648	0.206648	
Earth	600	-9.25151	-20.6165	20.6165	-0.335149	-0.206407	0.206407	
Earth	600	-9.28502	-20.6371	20.6371	-0.335041	-0.206167	0.206167	
Earth	600	-9.31852	-20.6577	20.6577	-0.334933	-0.205928	0.205928	
Earth	600	-9.35201	-20.6783	20.6783	-0.334825	-0.205689	0.205689	
Earth	600	-9.38549	-20.6988	20.6988	-0.334717	-0.205451	0.205451	
Earth	600	-9.41895	-20.7194	20.7194	-0.334609	-0.205214	0.205214	
Earth	600	-9.45241	-20.7399	20.7399	-0.334502	-0.204977	0.204977	
Earth	600	-9.48585	-20.7604	20.7604	-0.334394	-0.204741	0.204741	
Earth	600	-9.51929	-20.7808	20.7808	-0.334286	-0.204505	0.204505	
Earth	600	-9.55271	-20.8013	20.8013	-0.334178	-0.20427	0.20427	
Earth	600	-9.58612	-20.8217	20.8217	-0.334071	-0.204036	0.204036	
Earth	600	-9.61952	-20.8421	20.8421	-0.333963	-0.203802	0.203802	
Earth	600	-9.65292	-20.8624	20.8624	-0.333855	-0.203569	0.203569	
Earth	600	-9.6863	-20.8828	20.8828	-0.333748	-0.203337	0.203337	
Earth	600	-9.71967	-20.9031	20.9031	-0.33364	-0.203105	0.203105	
Earth	600	-9.75302	-20.9234	20.9234	-0.333532	-0.202874	0.202874	
Earth	600	-9.78637	-20.9437	20.9437	-0.333425	-0.202643	0.202643	
Earth	600	-9.81971	-20.9639	20.9639	-0.333317	-0.202413	0.202413	
Earth	600	-9.85304	-20.9842	20.9842	-0.33321	-0.202184	0.202184	
Earth	600	-9.88635	-21.0044	21.0044	-0.333102	-0.201955	0.201955	
Earth	600	-9.91966	-21.0246	21.0246	-0.332995	-0.201727	0.201727	
Earth	600	-9.95295	-21.0447	21.0447	-0.332887	-0.201499	0.201499	
Earth	600	-9.98623	-21.0649	21.0649	-0.33278	-0.201273	0.201273	
Earth	600	-10.0195	-21.085	21.085	-0.332672	-0.201046	0.201046	
Earth	600	-10.0528	-21.1051	21.1051	-0.332565	-0.20082	0.20082	
Earth	600	-10.086	-21.1251	21.1251	-0.332457	-0.200595	0.200595	
Earth	600	-10.1193	-21.1452	21.1452	-0.33235	-0.200371	0.200371	
Earth	600	-10.1525	-21.1652	21.1652	-0.332243	-0.200147	0.200147	
Earth	600	-10.1857	-21.1852	21.1852	-0.332135	-0.199923	0.199923	
Earth	600	-10.2189	-21.2052	21.2052	-0.332028	-0.199701	0.199701	
Earth	600	-10.2521	-21.2252	21.2252	-0.331921	-0.199478	0.199478	
Earth	600	-10.2853	-21.2451	21.2451	-0.331814	-0.199257	0.199257	
Earth	600	-10.3185	-21.265	21.265	-0.331707	-0.199036	0.199036	
Earth	600	-10.3516	-21.2849	21.2849	-0.3316	-0.198815	0.198815	
Earth	600	-10.3848	-21.3048	21.3048	-0.331492	-0.198595	0.198595	
Earth	600	-10.4179	-21.3246	21.3246	-0.331385	-0.198376	0.198376	
Earth	600	-10.4511	-21.3444	21.3444	-0.331278	-0.198157	0.198157	
Earth	600	-10.4842	-21.3642	21.3642	-0.331171	-0.197939	0.197939	
Earth	600	-10.5173	-21.384	21.384	-0.331065	-0.197721	0.197721	
Earth	600	-10.5504	-21.4038	21.4038	-0.330958	-0.197504	0.197504	
Earth	600	-10.5835	-21.4235	21.4235	-0.330851	-0.197287	0.197287	
Earth	600	-10.6166	-21.4432	21.4432	-0.330744	-0.197071	0.197071	
Earth	600	-10.6496	-21.4629	21.4629	-0.330637	-0.196856	0.196856	
Earth	600	-10.6827	-21.4826	21.4826	-0.33053	-0.196641	0.196641	
Earth	600	-10.7158	-21.5023	21.5023	-0.330424	-0.196427	0.196427	
Earth	600	-10.7488	-21.5219	21.5219	-0.330317	-0.196213	0.196213	
Earth	600	-10.7818	-21.5415	21.5415	-0.33021	-0.196	0.196	
Earth	600	-10.8148	-21.5611	21.5611	-0.330104	-0.195787	0.195787	
Earth	600	-10.8478	-21.5807	21.5807	-0.329997	-0.195575	0.195575	
Earth	600	-10.8808	-21.6002	21.6002	-0.329891	-0.195363	0.195363	
Earth	600	-10.9138	-21.6197	21.6197	-0.329784	-0.195152	0.195152	
Earth	600	-10.9468	-21.6393	21.6393	-0.329678	-0.194941	0.194941	
Earth	600	-10.9798	-21.6587	21.6587	-0.329571	-0.194731	0.194731	
Earth	600	-11.0127	-21.6782	21.6782	-0.329465	-0.194522	0.194522	
Earth	600	-11.0456	-21.6976	21.6976	-0.329359	-0.194313	0.194313	
Earth	600	-11.0786	-21.7171	21.7171	-0.329253	-0.194104	0.194104	
Earth	600	-11.1115	-21.7365	21.7365	-0.329146	-0.193896	0.193896	
Earth	600	-11.1444	-21.7558	21.7558	-0.32904	-0.193689	0.193689	
Earth	600	-11.1773	-21.7752	21.7752	-0.328934	-0.193482	0.193482	
Earth	600	-11.2102	-21.7945	21.7945	-0.328828	-0.193275	0.193275	
Earth	600	-11.2431	-21.8139	21.8139	-0.328722	-0.19307	0.19307	
Earth	600	-11.2759	-21.8331	21.8331	-0.328616	-0.192864	0.192864	
Earth	600	-11.3088	-21.8524	21.8524	-0.32851	-0.192659	0.192659	
Earth	600	-11.3416	-21.8717	21.8717	-0.328404	-0.192455	0.192455	
Earth	600	-11.3745	-21.8909	21.8909	-0.328298	-0.192251	0.192251	
Earth	600	-11.4073	-21.9101	21.9101	-0.328193	-0.192048	0.192048	
Earth	600	-11.4401	-21.9293	21.9293	-0.328087	-0.191845	0.191845	
Earth	600	-11.4729	-21.9485	21.9485	-0.327981	-0.191642	0.191642	
Earth	600	-11.5057	-21.9677	21.9677	-0.327876	-0.191441	0.191441	
Earth	600	-11.5385	-21.9868	21.9868	-0.32777	-0.191239	0.191239	
Earth	600	-11.5713	-22.0059	22.0059	-0.327665	-0.191038	0.191038	
Earth	600	-11.604	-22.025	22.025	-0.327559	-0.190838	0.190838	
Earth	600	-11.6368	-22.0441	22.0441	-0.327454	-0.190638	0.190638	
Earth	600	-11.6695	-22.0631	22.0631	-0.327348	-0.190439	0.190439	
Earth	600	-11.7022	-22.0822	22.0822	-0.327243	-0.19024	0.19024	
Earth	600	-11.735	-22.1012	22.1012	-0.327138	-0.190041	0.190041	
Earth	600	-11.7677	-22.1202	22.1202	-0.327033	-0.189843	0.189843	
Earth	600	-11.8004	-22.1391	22.1391	-0.326927	-0.189646	0.189646	
Earth	600	-11.8331	-22.1581	22.1581	-0.326822	-0.189449	0.189449	
Earth	600	-11.8657	-22.177	22.177	-0.326717	-0.189252	0.189252	
Earth	600	-11.8984	-22.1959	22.1959	-0.326612	-0.189056	0.189056	
Earth	600	-11.9311	-22.2148	22.2148	-0.326507	-0.188861	0.188861	
Earth	600	-11.9637	-22.2337	22.2337	-0.326402	-0.188666	0.188666	
Earth	600	-11.9963	-22.2526	22.2526	-0.326298	-0.188471	0.188471	
Earth	600	-12.029	-22.2714	22.2714	-0.326193	-0.188277	0.188277	
Earth	600	-12.0616	-22.2902	22.2902	-0.326088	-0.188083	0.188083	
Earth	600	-12.0942	-22.309	22.309	-0.325984	-0.18789	0.18789	
Earth	600	-12.1268	-22.3278	22.3278	-0.325879	-0.187697	0.187697	
Earth	600	-12.1594	-22.3466	22.3466	-0.325774	-0.187505	0.187505	
Earth	600	-12.1919	-22.3653	22.3653	-0.32567	-0.187313	0.187313	
Earth	600	-12.2245	-22.384	22.384	-0.325565	-0.187122	0.187122	
Earth	600	-12.257	-22.4027	22.4027	-0.325461	-0.186931	0.186931	
Earth	600	-12.2896	-22.4214	22.4214	-0.325357	-0.18674	0.18674	
Earth	600	-12.3221	-22.4401	22.4401	-0.325253	-0.18655	0.18655	
Earth	600	-12.3546	-22.4587	22.4587	-0.325148	-0.186361	0.186361	
Earth	600	-12.3871	-22.4774	22.4774	-0.325044	-0.186172	0.186172	
Earth	600	-12.4196	-22.496	22.496	-0.32494	-0.185983	0.185983	
Earth	600	-12.4521	-22.5146	22.5146	-0.324836	-0.185795	0.185795	
Earth	600	-12.4846	-22.5331	22.5331	-0.324732	-0.185607	0.185607	
Earth	600	-12.5171	-22.5517	22.5517	-0.324628	-0.18542	0.18542	
Earth	600	-12.5495	-22.5702	22.5702	-0.324524	-0.185233	0.185233	
Earth	600	-12.582	-22.5887	22.5887	-0.324421	-0.185046	0.185046	
Earth	600	-12.6144	-22.6072	22.6072	-0.324317	-0.18486	0.18486	
Earth	600	-12.6468	-22.6257	22.6257	-0.324213	-0.184675	0.184675	
Earth	600	-12.6793	-22.6441	22.6441	-0.32411	-0.184489	0.184489	
Earth	600	-12.7117	-22.6626	22.6626	-0.324006	-0.184305	0.184305	
Earth	600	-12.7441	-22.681	22.681	-0.323903	-0.18412	0.18412	
Earth	600	-12.7764	-22.6994	22.6994	-0.323799	-0.183937	0.183937	
Earth	600	-12.8088	-22.7178	22.7178	-0.323696	-0.183753	0.183753	
Earth	600	-12.8412	-22.7362	22.7362	-0.323593	-0.18357	0.18357	
Earth	600	-12.8735	-22.7545	22.7545	-0.32349	-0.183388	0.183388	
Earth	600	-12.9059	-22.7728	22.7728	-0.323386	-0.183205	0.183205	
Earth	600	-12.9382	-22.7912	22.7912	-0.323283	-0.183024	0.183024	
Earth	600	-12.9705	-22.8094	22.8094	-0.32318	-0.182842	0.182842	
Earth	600	-13.0029	-22.8277	22.8277	-0.323077	-0.182661	0.182661	
Earth	600	-13.0352	-22.846	22.846	-0.322974	-0.182481	0.182481	
Earth	600	-13.0674	-22.8642	22.8642	-0.322872	-0.182301	0.182301	
Earth	600	-13.0997	-22.8824	22.8824	-0.322769	-0.182121	0.182121	
Earth	600	-13.132	-22.9006	22.9006	-0.322666	-0.181942	0.181942	
Earth	600	-13.1643	-22.9188	22.9188	-0.322564	-0.181763	0.181763	
Earth	600	-13.1965	-22.937	22.937	-0.322461	-0.181585	0.181585	
Earth	600	-13.2288	-22.9551	22.9551	-0.322358	-0.181407	0.181407	
Earth	600	-13.261	-22.9733	22.9733	-0.322256	-0.181229	0.181229	
Earth	600	-13.2932	-22.9914	22.9914	-0.322154	-0.181052	0.181052	
Earth	600	-13.3254	-23.0095	23.0095	-0.322051	-0.180875	0.180875	
Earth	600	-13.3576	-23.0276	23.0276	-0.321949	-0.180699	0.180699	
Earth	600	-13.3898	-23.0456	23.0456	-0.321847	-0.180523	0.180523	
Earth	600	-13.422	-23.0637	23.0637	-0.321745	-0.180347	0.180347	
Earth	600	-13.4542	-23.0817	23.0817	-0.321643	-0.180172	0.180172	
Earth	600	-13.4863	-23.0997	23.0997	-0.321541	-0.179997	0.179997	
Earth	600	-13.5185	-23.1177	23.1177	-0.321439	-0.179823	0.179823	
Earth	600	-13.5506	-23.1357	23.1357	-0.321337	-0.179649	0.179649	
Earth	600	-13.5827	-23.1536	23.1536	-0.321235	-0.179475	0.179475	
Earth	600	-13.6148	-23.1716	23.1716	-0.321133	-0.179302	0.179302	
Earth	600	-13.647	-23.1895	23.1895	-0.321032	-0.179129	0.179129	
Earth	600	-13.6791	-23.2074	23.2074	-0.32093	-0.178956	0.178956	
Earth	600	-13.7111	-23.2253	23.2253	-0.320829	-0.178784	0.178784	
Earth	600	-13.7432	-23.2431	23.2431	-0.320727	-0.178613	0.178613	
Earth	600	-13.7753	-23.261	23.261	-0.320626	-0.178441	0.178441	
Earth	600	-13.8073	-23.2788	23.2788	-0.320525	-0.17827	0.17827	
Earth	600	-13.8394	-23.2967	23.2967	-0.320423	-0.1781	0.1781	
Earth	600	-13.8714	-23.3145	23.3145	-0.320322	-0.17793	0.17793	
Earth	600	-13.9035	-23.3322	23.3322	-0.320221	-0.17776	0.17776	
Earth	600	-13.9355	-23.35	23.35	-0.32012	-0.17759	0.17759	
Earth	600	-13.9675	-23.3678	23.3678	-0.320019	-0.177421	0.177421	
Earth	600	-13.9995	-23.3855	23.3855	-0.319918	-0.177253	0.177253	
Earth	600	-14.0315	-23.4032	23.4032	-0.319817	-0.177084	0.177084	
Earth	600	-14.0634	-23.4209	23.4209	-0.319717	-0.176916	0.176916	
Earth	600	-14.0954	-23.4386	23.4386	-0.319616	-0.176749	0.176749	
Earth	600	-14.1274	-23.4563	23.4563	-0.319515	-0.176582	0.176582	
Earth	600	-14.1593	-23.4739	23.4739	-0.319415	-0.176415	0.176415	
Earth	600	-14.1912	-23.4915	23.4915	-0.319314	-0.176248	0.176248	
Earth	600	-14.2232	-23.5092	23.5092	-0.319214	-0.176082	0.176082	
Earth	600	-14.2551	-23.5268	23.5268	-0.319114	-0.175917	0.175917	
Earth	600	-14.287	-23.5443	23.5443	-0.319013	-0.175751	0.175751	
Earth	600	-14.3189	-23.5619	23.5619	-0.318913	-0.175586	0.175586	
Earth	600	-14.3508	-23.5795	23.5795	-0.318813	-0.175422	0.175422	
Earth	600	-14.3827	-23.597	23.597	-0.318713	-0.175257	0.175257	
Earth	600	-14.4145	-23.6145	23.6145	-0.318613	-0.175093	0.175093	
Earth	600	-14.4464	-23.632	23.632	-0.318513	-0.17493	0.17493	
Earth	600	-14.4782	-23.6495	23.6495	-0.318413	-0.174767	0.174767	
Earth	600	-14.5101	-23.667	23.667	-0.318313	-0.174604	0.174604	
Earth	600	-14.5419	-23.6844	23.6844	-0.318214	-0.174441	0.174441	
Earth	600	-14.5737	-23.7019	23.7019	-0.318114	-0.174279	0.174279	
Earth	600	-14.6055	-23.7193	23.7193	-0.318015	-0.174117	0.174117	
Earth	600	-14.6373	-23.7367	23.7367	-0.317915	-0.173956	0.173956	
Earth	600	-14.6691	-23.7541	23.7541	-0.317816	-0.173795	0.173795	
Earth	600	-14.7009	-23.7714	23.7714	-0.317716	-0.173634	0.173634	
Earth	600	-14.7326	-23.7888	23.7888	-0.317617	-0.173474	0.173474	
Earth	600	-14.7644	-23.8061	23.8061	-0.317518	-0.173314	0.173314	
Earth	600	-14.7961	-23.8235	23.8235	-0.317419	-0.173154	0.173154	
Earth	600	-14.8279	-23.8408	23.8408	-0.31732	-0.172994	0.172994	
Earth	600	-14.8596	-23.8581	23.8581	-0.317221	-0.172835	0.172835	
Earth	600	-14.8913	-23.8753	23.8753	-0.317122	-0.172677	0.172677	
Earth	600	-14.923	-23.8926	23.8926	-0.317023	-0.172518	0.172518	
Earth	600	-14.9547	-23.9098	23.9098	-0.316924	-0.17236	0.17236	
Earth	600	-14.9864	-23.9271	23.9271	-0.316825	-0.172203	0.172203	
Earth	600	-15.0181	-23.9443	23.9443	-0.316727	-0.172045	0.172045	
Earth	600	-15.0498	-23.9615	23.9615	-0.316628	-0.171888	0.171888	
Earth	600	-15.0814	-23.9786	23.9786	-0.31653	-0.171731	0.171731	
Earth	600	-15.1131	-23.9958	23.9958	-0.316431	-0.171575	0.171575	
Earth	600	-15.1447	-24.013	24.013	-0.316333	-0.171419	0.171419	
Earth	600	-15.1763	-24.0301	24.0301	-0.316235	-0.171263	0.171263	
Earth	600	-15.208	-24.0472	24.0472	-0.316136	-0.171108	0.171108	
Earth	600	-15.2396	-24.0643	24.0643	-0.316038	-0.170953	0.170953	
Earth	600	-15.2712	-24.0814	24.0814	-0.31594	-0.170798	0.170798	
Earth	600	-15.3027	-24.0985	24.0985	-0.315842	-0.170644	0.170644	
Earth	600	-15.3343	-24.1155	24.1155	-0.315744	-0.17049	0.17049	
Earth	600	-15.3659	-24.1326	24.1326	-0.315647	-0.170336	0.170336	
Earth	600	-15.3975	-24.1496	24.1496	-0.315549	-0.170183	0.170183	
Earth	600	-15.429	-24.1666	24.1666	-0.315451	-0.170029	0.170029	
Earth	600	-15.4605	-24.1836	24.1836	-0.315354	-0.169877	0.169877	
Earth	600	-15.4921	-24.2006	24.2006	-0.315256	-0.169724	0.169724	
Earth	600	-15.5236	-24.2176	24.2176	-0.315158	-0.169572	0.169572	
Earth	600	-15.5551	-24.2345	24.2345	-0.315061	-0.16942	0.16942	
Earth	600	-15.5866	-24.2514	24.2514	-0.314964	-0.169269	0.169269	
Earth	600	-15.6181	-24.2684	24.2684	-0.314867	-0.169117	0.169117	
Earth	600	-15.6496	-24.2853	24.2853	-0.314769	-0.168967	0.168967	
Earth	600	-15.6811	-24.3022	24.3022	-0.314672	-0.168816	0.168816	
Earth	600	-15.7125	-24.319	24.319	-0.314575	-0.168666	0.168666	
Earth	600	-15.744	-24.3359	24.3359	-0.314478	-0.168516	0.168516	
Earth	600	-15.7754	-24.3527	24.3527	-0.314381	-0.168366	0.168366	
Earth	600	-15.8068	-24.3696	24.3696	-0.314285	-0.168217	0.168217	
Earth	600	-15.8383	-24.3864	24.3864	-0.314188	-0.168068	0.168068	
Earth	600	-15.8697	-24.4032	24.4032	-0.314091	-0.167919	0.167919	
Earth	600	-15.9011	-24.42	24.42	-0.313995	-0.167771	0.167771	
Earth	600	-15.9325	-24.4367	24.4367	-0.313898	-0.167622	0.167622	
Earth	600	-15.9639	-24.4535	24.4535	-0.313802	-0.167475	0.167475	
Earth	600	-15.9952	-24.4702	24.4702	-0.313705	-0.167327	0.167327	
Earth	600	-16.0266	-24.4869	24.4869	-0.313609	-0.16718	0.16718	
Earth	600	-16.058	-24.5037	24.5037	-0.313513	-0.167033	0.167033	
Earth	600	-16.0893	-24.5204	24.5204	-0.313417	-0.166886	0.166886	
Earth	600	-16.1206	-24.537	24.537	-0.313321	-0.16674	0.16674	
Earth	600	-16.152	-24.5537	24.5537	-0.313225	-0.166594	0.166594	
Earth	600	-16.1833	-24.5704	24.5704	-0.313129	-0.166448	0.166448	
Earth	600	-16.2146	-24.587	24.587	-0.313033	-0.166303	0.166303	
Earth	600	-16.2459	-24.6036	24.6036	-0.312937	-0.166158	0.166158	
Earth	600	-16.2772	-24.6202	24.6202	-0.312841	-0.166013	0.166013	
Earth	600	-16.3085	-24.6368	24.6368	-0.312746	-0.165868	0.165868	
Earth	600	-16.3397	-24.6534	24.6534	-0.31265	-0.165724	0.165724	
Earth	600	-16.371	-24.67	24.67	-0.312555	-0.16558	0.16558	
Earth	600	-16.4022	-24.6865	24.6865	-0.312459	-0.165436	0.165436	
Earth	600	-16.4335	-24.703	24.703	-0.312364	-0.165293	0.165293	
Earth	600	-16.4647	-24.7196	24.7196	-0.312269	-0.16515	0.16515	
Earth	600	-16.4959	-24.7361	24.7361	-0.312173	-0.165007	0.165007	
Earth	600	-16.5272	-24.7526	24.7526	-0.312078	-0.164864	0.164864	
Earth	600	-16.5584	-24.769	24.769	-0.311983	-0.164722	0.164722	
Earth	600	-16.5896	-24.7855	24.7855	-0.311888	-0.16458	0.16458	
Earth	600	-16.6207	-24.802	24.802	-0.311793	-0.164439	0.164439	
Earth	600	-16.6519	-24.8184	24.8184	-0.311699	-0.164297	0.164297	
Earth	600	-16.6831	-24.8348	24.8348	-0.311604	-0.164156	0.164156	
Earth	600	-16.7142	-24.8512	24.8512	-0.311509	-0.164015	0.164015	
Earth	600	-16.7454	-24.8676	24.8676	-0.311415	-0.163875	0.163875	
Earth	600	-16.7765	-24.884	24.884	-0.31132	-0.163734	0.163734	
Earth	600	-16.8076	-24.9004	24.9004	-0.311226	-0.163594	0.163594	
Earth	600	-16.8388	-24.9167	24.9167	-0.311131	-0.163455	0.163455	
Earth	600	-16.8699	-24.9331	24.9331	-0.311037	-0.163315	0.163315	
Earth	600	-16.901	-24.9494	24.9494	-0.310943	-0.163176	0.163176	
Earth	600	-16.9321	-24.9657	24.9657	-0.310849	-0.163037	0.163037	
Earth	600	-16.9631	-24.982	24.982	-0.310755	-0.162898	0.162898	
Earth	600	-16.9942	-24.9983	24.9983	-0.310661	-0.16276	0.16276	
Earth	600	-17.0253	-25.0145	25.0145	-0.310567	-0.162622	0.162622	
Earth	600	-17.0563	-25.0308	25.0308	-0.310473	-0.162484	0.162484	
Earth	600	-17.0874	-25.047	25.047	-0.310379	-0.162347	0.162347	
Earth	600	-17.1184	-25.0633	25.0633	-0.310285	-0.162209	0.162209	
Earth	600	-17.1494	-25.0795	25.0795	-0.310192	-0.162072	0.162072	
Earth	600	-17.1804	-25.0957	25.0957	-0.310098	-0.161936	0.161936	
Earth	600	-17.2114	-25.1119	25.1119	-0.310005	-0.161799	0.161799	
Earth	600	-17.2424	-25.128	25.128	-0.309911	-0.161663	0.161663	
Earth	600	-17.2734	-25.1442	25.1442	-0.309818	-0.161527	0.161527	
Earth	600	-17.3044	-25.1604	25.1604	-0.309725	-0.161391	0.161391	
Earth	600	-17.3354	-25.1765	25.1765	-0.309631	-0.161256	0.161256	
Earth	600	-17.3663	-25.1926	25.1926	-0.309538	-0.161121	0.161121	
Earth	600	-17.3973	-25.2087	25.2087	-0.309445	-0.160986	0.160986	
Earth	600	-17.4282	-25.2248	25.2248	-0.309352	-0.160851	0.160851	
Earth	600	-17.4591	-25.2409	25.2409	-0.309259	-0.160717	0.160717	
Earth	600	-17.4901	-25.2569	25.2569	-0.309167	-0.160583	0.160583	
Earth	600	-17.521	-25.273	25.273	-0.309074	-0.160449	0.160449	
Earth	600	-17.5519	-25.289	25.289	-0.308981	-0.160315	0.160315	
Earth	600	-17.5828	-25.3051	25.3051	-0.308889	-0.160182	0.160182	
Earth	600	-17.6137	-25.3211	25.3211	-0.308796	-0.160049	0.160049	
Earth	600	-17.6445	-25.3371	25.3371	-0.308704	-0.159916	0.159916	
Earth	600	-17.6754	-25.3531	25.3531	-0.308611	-0.159784	0.159784	
Earth	600	-17.7063	-25.369	25.369	-0.308519	-0.159651	0.159651	
Earth	600	-17.7371	-25.385	25.385	-0.308427	-0.159519	0.159519	
Earth	600	-17.7679	-25.4009	25.4009	-0.308335	-0.159387	0.159387	
Earth	600	-17.7988	-25.4169	25.4169	-0.308242	-0.159256	0.159256	
Earth	600	-17.8296	-25.4328	25.4328	-0.30815	-0.159124	0.159124	
Earth	600	-17.8604	-25.4487	25.4487	-0.308059	-0.158993	0.158993	
Earth	600	-17.8912	-25.4646	25.4646	-0.307967	-0.158863	0.158863	
Earth	600	-17.922	-25.4805	25.4805	-0.307875	-0.158732	0.158732	
Earth	600	-17.9528	-25.4963	25.4963	-0.307783	-0.158602	0.158602	
Earth	600	-17.9836	-25.5122	25.5122	-0.307692	-0.158472	0.158472	
Earth	600	-18.0143	-25.528	25.528	-0.3076	-0.158342	0.158342	
Earth	600	-18.0451	-25.5438	25.5438	-0.307509	-0.158212	0.158212	
Earth	600	-18.0758	-25.5597	25.5597	-0.307417	-0.158083	0.158083	
Earth	600	-18.1066	-25.5755	25.5755	-0.307326	-0.157954	0.157954	
Earth	600	-18.1373	-25.5913	25.5913	-0.307234	-0.157825	0.157825	
Earth	600	-18.168	-25.607	25.607	-0.307143	-0.157696	0.157696	
Earth	600	-18.1987	-25.6228	25.6228	-0.307052	-0.157568	0.157568	
Earth	600	-18.2294	-25.6385	25.6385	-0.306961	-0.15744	0.15744	
Earth	600	-18.2601	-25.6543	25.6543	-0.30687	-0.157312	0.157312	
Earth	600	-18.2908	-25.67	25.67	-0.306779	-0.157184	0.157184	
Earth	600	-18.3215	-25.6857	25.6857	-0.306688	-0.157057	0.157057	
Earth	600	-18.3521	-25.7014	25.7014	-0.306598	-0.15693	0.15693	
Earth	600	-18.3828	-25.7171	25.7171	-0.306507	-0.156803	0.156803	
Earth	600	-18.4134	-25.7328	25.7328	-0.306416	-0.156676	0.156676	
Earth	600	-18.4441	-25.7484	25.7484	-0.306326	-0.15655	0.15655	
Earth	600	-18.4747	-25.7641	25.7641	-0.306235	-0.156423	0.156423	
Earth	600	-18.5053	-25.7797	25.7797	-0.306145	-0.156297	0.156297	
Earth	600	-18.5359	-25.7953	25.7953	-0.306055	-0.156172	0.156172	
Earth	600	-18.5665	-25.811	25.811	-0.305964	-0.156046	0.156046	
Earth	600	-18.5971	-25.8266	25.8266	-0.305874	-0.155921	0.155921	
Earth	600	-18.6277	-25.8421	25.8421	-0.305784	-0.155796	0.155796	
Earth	600	-18.6583	-25.8577	25.8577	-0.305694	-0.155671	0.155671	
Earth	600	-18.6888	-25.8733	25.8733	-0.305604	-0.155546	0.155546	
Earth	600	-18.7194	-25.8888	25.8888	-0.305514	-0.155422	0.155422	
Earth	600	-18.7499	-25.9044	25.9044	-0.305424	-0.155298	0.155298	
Earth	600	-18.7805	-25.9199	25.9199	-0.305335	-0.155174	0.155174	
Earth	600	-18.811	-25.9354	25.9354	-0.305245	-0.15505	0.15505	
Earth	600	-18.8415	-25.9509	25.9509	-0.305155	-0.154927	0.154927	
Earth	600	-18.872	-25.9664	25.9664	-0.305066	-0.154804	0.154804	
Earth	600	-18.9025	-25.9819	25.9819	-0.304977	-0.154681	0.154681	
Earth	600	-18.933	-25.9973	25.9973	-0.304887	-0.154558	0.154558	
Earth	600	-18.9635	-26.0128	26.0128	-0.304798	-0.154435	0.154435	
Earth	600	-18.994	-26.0282	26.0282	-0.304709	-0.154313	0.154313	
Earth	600	-19.0245	-26.0436	26.0436	-0.304619	-0.154191	0.154191	
Earth	600	-19.0549	-26.059	26.059	-0.30453	-0.154069	0.154069	
Earth	600	-19.0854	-26.0744	26.0744	-0.304441	-0.153947	0.153947	
Earth	600	-19.1158	-26.0898	26.0898	-0.304352	-0.153826	0.153826	
Earth	600	-19.1462	-26.1052	26.1052	-0.304264	-0.153705	0.153705	
Earth	600	-19.1767	-26.1206	26.1206	-0.304175	-0.153584	0.153584	
Earth	600	-19.2071	-26.1359	26.1359	-0.304086	-0.153463	0.153463	
Earth	600	-19.2375	-26.1513	26.1513	-0.303997	-0.153342	0.153342	
Earth	600	-19.2679	-26.1666	26.1666	-0.303909	-0.153222	0.153222	
Earth	600	-19.2983	-26.1819	26.1819	-0.30382	-0.153102	0.153102	
Earth	600	-19.3286	-26.1972	26.1972	-0.303732	-0.152982	0.152982	
Earth	600	-19.359	-26.2125	26.2125	-0.303644	-0.152862	0.152862	
Earth	600	-19.3894	-26.2278	26.2278	-0.303555	-0.152743	0.152743	
Earth	600	-19.4197	-26.2431	26.2431	-0.303467	-0.152623	0.152623	
Earth	600	-19.4501	-26.2583	26.2583	-0.303379	-0.152504	0.152504	
Earth	600	-19.4804	-26.2736	26.2736	-0.303291	-0.152386	0.152386	
Earth	600	-19.5107	-26.2888	26.2888	-0.303203	-0.152267	0.152267	
Earth	600	-19.541	-26.304	26.304	-0.303115	-0.152149	0.152149	
Earth	600	-19.5713	-26.3192	26.3192	-0.303027	-0.15203	0.15203	
Earth	600	-19.6016	-26.3344	26.3344	-0.302939	-0.151912	0.151912	
Earth	600	-19.6319	-26.3496	26.3496	-0.302852	-0.151795	0.151795	
Earth	600	-19.6622	-26.3648	26.3648	-0.302764	-0.151677	0.151677	
Earth	600	-19.6925	-26.3799	26.3799	-0.302676	-0.15156	0.15156	
Earth	600	-19.7227	-26.3951	26.3951	-0.302589	-0.151442	0.151442	
Earth	600	-19.753	-26.4102	26.4102	-0.302501	-0.151325	0.151325	
Earth	600	-19.7832	-26.4254	26.4254	-0.302414	-0.151209	0.151209	
Earth	600	-19.8135	-26.4405	26.4405	-0.302327	-0.151092	0.151092	
Earth	600	-19.8437	-26.4556	26.4556	-0.30224	-0.150976	0.150976	
Earth	600	-19.8739	-26.4707	26.4707	-0.302152	-0.15086	0.15086	
Earth	600	-19.9041	-26.4857	26.4857	-0.302065	-0.150744	0.150744	
Earth	600	-19.9343	-26.5008	26.5008	-0.301978	-0.150628	0.150628	
Earth	600	-19.9645	-26.5159	26.5159	-0.301891	-0.150513	0.150513	
Earth	600	-19.9947	-26.5309	26.5309	-0.301805	-0.150397	0.150397	
Earth	600	-20.0249	-26.5459	26.5459	-0.301718	-0.150282	0.150282	
Earth	600	-20.0551	-26.561	26.561	-0.301631	-0.150167	0.150167	
Earth	600	-20.0852	-26.576	26.576	-0.301544	-0.150053	0.150053	
Earth	600	-20.1154	-26.591	26.591	-0.301458	-0.149938	0.149938	
Earth	600	-20.1455	-26.606	26.606	-0.301371	-0.149824	0.149824	
Earth	600	-20.1756	-26.6209	26.6209	-0.301285	-0.14971	0.14971	
Earth	600	-20.2058	-26.6359	26.6359	-0.301199	-0.149596	0.149596	
Earth	600	-20.2359	-26.6509	26.6509	-0.301112	-0.149482	0.149482	
Earth	600	-20.266	-26.6658	26.6658	-0.301026	-0.149369	0.149369	
Earth	600	-20.2961	-26.6807	26.6807	-0.30094	-0.149255	0.149255	
Earth	600	-20.3262	-26.6957	26.6957	-0.300854	-0.149142	0.149142	
Earth	600	-20.3563	-26.7106	26.7106	-0.300768	-0.149029	0.149029	
Earth	600	-20.3863	-26.7255	26.7255	-0.300682	-0.148917	0.148917	
Earth	600	-20.4164	-26.7404	26.7404	-0.300596	-0.148804	0.148804	
Earth	600	-20.4464	-26.7552	26.7552	-0.30051	-0.148692	0.148692	
Earth	600	-20.4765	-26.7701	26.7701	-0.300424	-0.14858	0.14858	
Earth	600	-20.5065	-26.7849	26.7849	-0.300339	-0.148468	0.148468	
Earth	600	-20.5366	-26.7998	26.7998	-0.300253	-0.148356	0.148356	
Earth	600	-20.5666	-26.8146	26.8146	-0.300168	-0.148244	0.148244	
Earth	600	-20.5966	-26.8294	26.8294	-0.300082	-0.148133	0.148133	
Earth	600	-20.6266	-26.8442	26.8442	-0.299997	-0.148022	0.148022	
Earth	600	-20.6566	-26.859	26.859	-0.299912	-0.147911	0.147911	
Earth	600	-20.6866	-26.8738	26.8738	-0.299826	-0.1478	0.1478	
Earth	600	-20.7166	-26.8886	26.8886	-0.299741	-0.147689	0.147689	
Earth	600	-20.7465	-26.9034	26.9034	-0.299656	-0.147579	0.147579	
Earth	600	-20.7765	-26.9181	26.9181	-0.299571	-0.147469	0.147469	
Earth	600	-20.8064	-26.9329	26.9329	-0.299486	-0.147359	0.147359	
Earth	600	-20.8364	-26.9476	26.9476	-0.299401	-0.147249	0.147249	
Earth	600	-20.8663	-26.9623	26.9623	-0.299316	-0.147139	0.147139	
Earth	600	-20.8963	-26.977	26.977	-0.299232	-0.14703	0.14703	
Earth	600	-20.9262	-26.9917	26.9917	-0.299147	-0.146921	0.146921	
Earth	600	-20.9561	-27.0064	27.0064	-0.299062	-0.146811	0.146811	
Earth	600	-20.986	-27.0211	27.0211	-0.298978	-0.146703	0.146703	
Earth	600	-21.0159	-27.0357	27.0357	-0.298893	-0.146594	0.146594	
Earth	600	-21.0458	-27.0504	27.0504	-0.298809	-0.146485	0.146485	
Earth	600	-21.0756	-27.065	27.065	-0.298724	-0.146377	0.146377	
Earth	600	-21.1055	-27.0797	27.0797	-0.29864	-0.146269	0.146269	
Earth	600	-21.1354	-27.0943	27.0943	-0.298556	-0.146161	0.146161	
Earth	600	-21.1652	-27.1089	27.1089	-0.298472	-0.146053	0.146053	
Earth	600	-21.1951	-27.1235	27.1235	-0.298388	-0.145945	0.145945	
Earth	600	-21.2249	-27.1381	27.1381	-0.298304	-0.145838	0.145838	
Earth	600	-21.2547	-27.1527	27.1527	-0.29822	-0.145731	0.145731	
Earth	600	-21.2845	-27.1672	27.1672	-0.298136	-0.145624	0.145624	
Earth	600	-21.3144	-27.1818	27.1818	-0.298052	-0.145517	0.145517	
Earth	600	-21.3442	-27.1963	27.1963	-0.297968	-0.14541	0.14541	
Earth	600	-21.3739	-27.2109	27.2109	-0.297885	-0.145303	0.145303	
Earth	600	-21.4037	-27.2254	27.2254	-0.297801	-0.145197	0.145197	
Earth	600	-21.4335	-27.2399	27.2399	-0.297718	-0.145091	0.145091	
Earth	600	-21.4633	-27.2544	27.2544	-0.297634	-0.144985	0.144985	
Earth	600	-21.493	-27.2689	27.2689	-0.297551	-0.144879	0.144879	
Earth	600	-21.5228	-27.2834	27.2834	-0.297468	-0.144773	0.144773	
Earth	600	-21.5525	-27.2979	27.2979	-0.297384	-0.144668	0.144668	
Earth	600	-21.5823	-27.3123	27.3123	-0.297301	-0.144563	0.144563	
Earth	600	-21.612	-27.3268	27.3268	-0.297218	-0.144457	0.144457	
Earth	600	-21.6417	-27.3412	27.3412	-0.297135	-0.144352	0.144352	
Earth	600	-21.6714	-27.3556	27.3556	-0.297052	-0.144248	0.144248	
Earth	600	-21.7011	-27.3701	27.3701	-0.296969	-0.144143	0.144143	
Earth	600	-21.7308	-27.3845	27.3845	-0.296886	-0.144039	0.144039	
Earth	600	-21.7605	-27.3989	27.3989	-0.296804	-0.143934	0.143934	
Earth	600	-21.7902	-27.4133	27.4133	-0.296721	-0.14383	0.14383	
Earth	600	-21.8198	-27.4276	27.4276	-0.296638	-0.143726	0.143726	
Earth	600	-21.8495	-27.442	27.442	-0.296556	-0.143623	0.143623	
Earth	600	-21.8791	-27.4564	27.4564	-0.296473	-0.143519	0.143519	
Earth	600	-21.9088	-27.4707	27.4707	-0.296391	-0.143416	0.143416	
Earth	600	-21.9384	-27.485	27.485	-0.296308	-0.143312	0.143312	
Earth	600	-21.9681	-27.4994	27.4994	-0.296226	-0.143209	0.143209	
Earth	600	-21.9977	-27.5137	27.5137	-0.296144	-0.143106	0.143106	
Earth	600	-22.0273	-27.528	27.528	-0.296062	-0.143004	0.143004	
Earth	600	-22.0569	-27.5423	27.5423	-0.29598	-0.142901	0.142901	
Earth	600	-22.0865	-27.5566	27.5566	-0.295897	-0.142799	0.142799	
Earth	600	-22.1161	-27.5708	27.5708	-0.295815	-0.142696	0.142696	
Earth	600	-22.1456	-27.5851	27.5851	-0.295734	-0.142594	0.142594	
Earth	600	-22.1752	-27.5994	27.5994	-0.295652	-0.142493	0.142493	
Earth	600	-22.2048	-27.6136	27.6136	-0.29557	-0.142391	0.142391	
Earth	600	-22.2343	-27.6278	27.6278	-0.295488	-0.142289	0.142289	
Earth	600	-22.2639	-27.6421	27.6421	-0.295407	-0.142188	0.142188	
Earth	600	-22.2934	-27.6563	27.6563	-0.295325	-0.142087	0.142087	
Earth	600	-22.3229	-27.6705	27.6705	-0.295244	-0.141986	0.141986	
Earth	600	-22.3525	-27.6847	27.6847	-0.295162	-0.141885	0.141885	
Earth	600	-22.382	-27.6989	27.6989	-0.295081	-0.141784	0.141784	
Earth	600	-22.4115	-27.713	27.713	-0.294999	-0.141683	0.141683	
Earth	600	-22.441	-27.7272	27.7272	-0.294918	-0.141583	0.141583	
Earth	600	-22.4705	-27.7414	27.7414	-0.294837	-0.141483	0.141483	
Earth	600	-22.4999	-27.7555	27.7555	-0.294756	-0.141383	0.141383	
Earth	600	-22.5294	-27.7696	27.7696	-0.294675	-0.141283	0.141283	
Earth	600	-22.5589	-27.7838	27.7838	-0.294594	-0.141183	0.141183	
Earth	600	-22.5883	-27.7979	27.7979	-0.294513	-0.141083	0.141083	
Earth	600	-22.6178	-27.812	27.812	-0.294432	-0.140984	0.140984	
Earth	600	-22.6472	-27.8261	27.8261	-0.294351	-0.140885	0.140885	
Earth	600	-22.6766	-27.8401	27.8401	-0.294271	-0.140785	0.140785	
Earth	600	-22.7061	-27.8542	27.8542	-0.29419	-0.140686	0.140686	
Earth	600	-22.7355	-27.8683	27.8683	-0.294109	-0.140588	0.140588	
Earth	600	-22.7649	-27.8823	27.8823	-0.294029	-0.140489	0.140489	
Earth	600	-22.7943	-27.8964	27.8964	-0.293949	-0.14039	0.14039	
Earth	600	-22.8237	-27.9104	27.9104	-0.293868	-0.140292	0.140292	
Earth	600	-22.8531	-27.9244	27.9244	-0.293788	-0.140194	0.140194	
Earth	600	-22.8824	-27.9385	27.9385	-0.293708	-0.140096	0.140096	
Earth	600	-22.9118	-27.9525	27.9525	-0.293627	-0.139998	0.139998	
Earth	600	-22.9412	-27.9665	27.9665	-0.293547	-0.1399	0.1399	
Earth	600	-22.9705	-27.9804	27.9804	-0.293467	-0.139803	0.139803	
Earth	600	-22.9999	-27.9944	27.9944	-0.293387	-0.139705	0.139705	
Earth	600	-23.0292	-28.0084	28.0084	-0.293307	-0.139608	0.139608	
Earth	600	-23.0585	-28.0223	28.0223	-0.293227	-0.139511	0.139511	
Earth	600	-23.0878	-28.0363	28.0363	-0.293148	-0.139414	0.139414	
Earth	600	-23.1171	-28.0502	28.0502	-0.293068	-0.139317	0.139317	
Earth	600	-23.1464	-28.0641	28.0641	-0.292988	-0.139221	0.139221	
Earth	600	-23.1757	-28.0781	28.0781	-0.292909	-0.139124	0.139124	
Earth	600	-23.205	-28.092	28.092	-0.292829	-0.139028	0.139028	
Earth	600	-23.2343	-28.1059	28.1059	-0.29275	-0.138932	0.138932	
Earth	600	-23.2636	-28.1198	28.1198	-0.29267	-0.138836	0.138836	
Earth	600	-23.2928	-28.1336	28.1336	-0.292591	-0.13874	0.13874	
Earth	600	-23.3221	-28.1475	28.1475	-0.292512	-0.138644	0.138644	
Earth	600	-23.3513	-28.1614	28.1614	-0.292432	-0.138548	0.138548	
Earth	600	-23.3806	-28.1752	28.1752	-0.292353	-0.138453	0.138453	
Earth	600	-23.4098	-28.1891	28.1891	-0.292274	-0.138358	0.138358	
Earth	600	-23.439	-28.2029	28.2029	-0.292195	-0.138263	0.138263	
Earth	600	-23.4683	-28.2167	28.2167	-0.292116	-0.138168	0.138168	
Earth	600	-23.4975	-28.2305	28.2305	-0.292037	-0.138073	0.138073	
Earth	600	-23.5267	-28.2443	28.2443	-0.291958	-0.137978	0.137978	
Earth	600	-23.5559	-28.2581	28.2581	-0.29188	-0.137884	0.137884	
Earth	600	-23.585	-28.2719	28.2719	-0.291801	-0.137789	0.137789	
Earth	600	-23.6142	-28.2857	28.2857	-0.291722	-0.137695	0.137695	
Earth	600	-23.6434	-28.2994	28.2994	-0.291644	-0.137601	0.137601	
Earth	600	-23.6725	-28.3132	28.3132	-0.291565	-0.137507	0.137507	
Earth	600	-23.7017	-28.3269	28.3269	-0.291487	-0.137413	0.137413	
Earth	600	-23.7308	-28.3407	28.3407	-0.291408	-0.137319	0.137319	
Earth	600	-23.76	-28.3544	28.3544	-0.29133	-0.137226	0.137226	
Earth	600	-23.7891	-28.3681	28.3681	-0.291252	-0.137133	0.137133	
Earth	600	-23.8182	-28.3818	28.3818	-0.291173	-0.137039	0.137039	
Earth	600	-23.8473	-28.3955	28.3955	-0.291095	-0.136946	0.136946	
Earth	600	-23.8764	-28.4092	28.4092	-0.291017	-0.136853	0.136853	
Earth	600	-23.9055	-28.4229	28.4229	-0.290939	-0.136761	0.136761	
Earth	600	-23.9346	-28.4366	28.4366	-0.290861	-0.136668	0.136668	
Earth	600	-23.9637	-28.4502	28.4502	-0.290783	-0.136575	0.136575	
Earth	600	-23.9928	-28.4639	28.4639	-0.290705	-0.136483	0.136483	
Earth	600	-24.0219	-28.4775	28.4775	-0.290628	-0.136391	0.136391	
Earth	600	-24.0509	-28.4912	28.4912	-0.29055	-0.136299	0.136299	
Earth	600	-24.08	-28.5048	28.5048	-0.290472	-0.136207	0.136207	
Earth	600	-24.109	-28.5184	28.5184	-0.290395	-0.136115	0.136115	
Earth	600	-24.138	-28.532	28.532	-0.290317	-0.136023	0.136023	
Earth	600	-24.1671	-28.5456	28.5456	-0.29024	-0.135932	0.135932	
Earth	600	-24.1961	-28.5592	28.5592	-0.290162	-0.13584	0.13584	
Earth	600	-24.2251	-28.5728	28.5728	-0.290085	-0.135749	0.135749	
Earth	600	-24.2541	-28.5864	28.5864	-0.290008	-0.135658	0.135658	
Earth	600	-24.2831	-28.5999	28.5999	-0.289931	-0.135567	0.135567	
Earth	600	-24.3121	-28.6135	28.6135	-0.289853	-0.135476	0.135476	
Earth	600	-24.3411	-28.627	28.627	-0.289776	-0.135386	0.135386	
Earth	600	-24.37	-28.6405	28.6405	-0.289699	-0.135295	0.135295	
Earth	600	-24.399	-28.6541	28.6541	-0.289622	-0.135205	0.135205	
Earth	600	-24.428	-28.6676	28.6676	-0.289545	-0.135114	0.135114	
Earth	600	-24.4569	-28.6811	28.6811	-0.289469	-0.135024	0.135024	
Earth	600	-24.4859	-28.6946	28.6946	-0.289392	-0.134934	0.134934	
Earth	600	-24.5148	-28.7081	28.7081	-0.289315	-0.134844	0.134844	
Earth	600	-24.5437	-28.7216	28.7216	-0.289238	-0.134754	0.134754	
Earth	600	-24.5727	-28.735	28.735	-0.289162	-0.134665	0.134665	
Earth	600	-24.6016	-28.7485	28.7485	-0.289085	-0.134575	0.134575	
Earth	600	-24.6305	-28.7619	28.7619	-0.289009	-0.134486	0.134486	
Earth	600	-24.6594	-28.7754	28.7754	-0.288932	-0.134397	0.134397	
Earth	600	-24.6883	-28.7888	28.7888	-0.288856	-0.134308	0.134308	
Earth	600	-24.7171	-28.8022	28.8022	-0.28878	-0.134219	0.134219	
Earth	600	-24.746	-28.8157	28.8157	-0.288704	-0.13413	0.13413	
Earth	600	-24.7749	-28.8291	28.8291	-0.288627	-0.134041	0.134041	
Earth	600	-24.8037	-28.8425	28.8425	-0.288551	-0.133953	0.133953	
Earth	600	-24.8326	-28.8559	28.8559	-0.288475	-0.133865	0.133865	
Earth	600	-24.8614	-28.8692	28.8692	-0.288399	-0.133776	0.133776	
Earth	600	-24.8903	-28.8826	28.8826	-0.288323	-0.133688	0.133688	
Earth	600	-24.9191	-28.896	28.896	-0.288247	-0.1336	0.1336	
Earth	600	-24.9479	-28.9093	28.9093	-0.288172	-0.133512	0.133512	
Earth	600	-24.9767	-28.9227	28.9227	-0.288096	-0.133424	0.133424	
Earth	600	-25.0055	-28.936	28.936	-0.28802	-0.133337	0.133337	
Earth	600	-25.0343	-28.9494	28.9494	-0.287945	-0.133249	0.133249	
Earth	600	-25.0631	-28.9627	28.9627	-0.287869	-0.133162	0.133162	
Earth	600	-25.0919	-28.976	28.976	-0.287794	-0.133075	0.133075	
Earth	600	-25.1207	-28.9893	28.9893	-0.287718	-0.132988	0.132988	
Earth	600	-25.1495	-29.0026	29.0026	-0.287643	-0.132901	0.132901	
Earth	600	-25.1782	-29.0159	29.0159	-0.287567	-0.132814	0.132814	
Earth	600	-25.207	-29.0291	29.0291	-0.287492	-0.132727	0.132727	
Earth	600	-25.2357	-29.0424	29.0424	-0.287417	-0.132641	0.132641	
Earth	600	-25.2644	-29.0557	29.0557	-0.287342	-0.132554	0.132554	
Earth	600	-25.2932	-29.0689	29.0689	-0.287267	-0.132468	0.132468	
Earth	600	-25.3219	-29.0822	29.0822	-0.287192	-0.132382	0.132382	
Earth	600	-25.3506	-29.0954	29.0954	-0.287117	-0.132296	0.132296	
Earth	600	-25.3793	-29.1086	29.1086	-0.287042	-0.13221	0.13221	
Earth	600	-25.408	-29.1218	29.1218	-0.286967	-0.132124	0.132124	
Earth	600	-25.4367	-29.1351	29.1351	-0.286892	-0.132038	0.132038	
Earth	600	-25.4654	-29.1483	29.1483	-0.286817	-0.131953	0.131953	
Earth	600	-25.4941	-29.1614	29.1614	-0.286743	-0.131867	0.131867	
Earth	600	-25.5228	-29.1746	29.1746	-0.286668	-0.131782	0.131782	
Earth	600	-25.5514	-29.1878	29.1878	-0.286594	-0.131697	0.131697	
Earth	600	-25.5801	-29.201	29.201	-0.286519	-0.131611	0.131611	
Earth	600	-25.6087	-29.2141	29.2141	-0.286445	-0.131527	0.131527	
Earth	600	-25.6374	-29.2273	29.2273	-0.28637	-0.131442	0.131442	
Earth	600	-25.666	-29.2404	29.2404	-0.286296	-0.131357	0.131357	
Earth	600	-25.6946	-29.2535	29.2535	-0.286222	-0.131272	0.131272	
Earth	600	-25.7232	-29.2667	29.2667	-0.286147	-0.131188	0.131188	
Earth	600	-25.7518	-29.2798	29.2798	-0.286073	-0.131104	0.131104	
Earth	600	-25.7805	-29.2929	29.2929	-0.285999	-0.131019	0.131019	
Earth	600	-25.809	-29.306	29.306	-0.285925	-0.130935	0.130935	
Earth	600	-25.8376	-29.3191	29.3191	-0.285851	-0.130851	0.130851	
Earth	600	-25.8662	-29.3322	29.3322	-0.285777	-0.130768	0.130768	
Earth	600	-25.8948	-29.3452	29.3452	-0.285703	-0.130684	0.130684	
Earth	600	-25.9234	-29.3583	29.3583	-0.28563	-0.1306	0.1306	
Earth	600	-25.9519	-29.3713	29.3713	-0.285556	-0.130517	0.130517	
Earth	600	-25.9805	-29.3844	29.3844	-0.285482	-0.130433	0.130433	
Earth	600	-26.009	-29.3974	29.3974	-0.285409	-0.13035	0.13035	
Earth	600	-26.0376	-29.4105	29.4105	-0.285335	-0.130267	0.130267	
Earth	600	-26.0661	-29.4235	29.4235	-0.285261	-0.130184	0.130184	
Earth	600	-26.0946	-29.4365	29.4365	-0.285188	-0.130101	0.130101	
Earth	600	-26.1231	-29.4495	29.4495	-0.285115	-0.130018	0.130018	
Earth	600	-26.1516	-29.4625	29.4625	-0.285041	-0.129936	0.129936	
Earth	600	-26.1801	-29.4755	29.4755	-0.284968	-0.129853	0.129853	
Earth	600	-26.2086	-29.4885	29.4885	-0.284895	-0.129771	0.129771	
Earth	600	-26.2371	-29.5014	29.5014	-0.284822	-0.129689	0.129689	
Earth	600	-26.2656	-29.5144	29.5144	-0.284749	-0.129606	0.129606	
Earth	600	-26.2941	-29.5274	29.5274	-0.284676	-0.129524	0.129524	
Earth	600	-26.3225	-29.5403	29.5403	-0.284603	-0.129442	0.129442	
Earth	600	-26.351	-29.5533	29.5533	-0.28453	-0.129361	0.129361	
Earth	600	-26.3794	-29.5662	29.5662	-0.284457	-0.129279	0.129279	
Earth	600	-26.4079	-29.5791	29.5791	-0.284384	-0.129197	0.129197	
Earth	600	-26.4363	-29.592	29.592	-0.284311	-0.129116	0.129116	
Earth	600	-26.4647	-29.6049	29.6049	-0.284238	-0.129034	0.129034	
Earth	600	-26.4932	-29.6178	29.6178	-0.284166	-0.128953	0.128953	
Earth	600	-26.5216	-29.6307	29.6307	-0.284093	-0.128872	0.128872	
Earth	600	-26.55	-29.6436	29.6436	-0.284021	-0.128791	0.128791	
Earth	600	-26.5784	-29.6565	29.6565	-0.283948	-0.12871	0.12871	
Earth	600	-26.6068	-29.6694	29.6694	-0.283876	-0.128629	0.128629	
Earth	600	-26.6351	-29.6822	29.6822	-0.283803	-0.128549	0.128549	
Earth	600	-26.6635	-29.6951	29.6951	-0.283731	-0.128468	0.128468	
Earth	600	-26.6919	-29.7079	29.7079	-0.283659	-0.128388	0.128388	
Earth	600	-26.7203	-29.7207	29.7207	-0.283587	-0.128307	0.128307	
Earth	600	-26.7486	-29.7336	29.7336	-0.283514	-0.128227	0.128227	
Earth	600	-26.777	-29.7464	29.7464	-0.283442	-0.128147	0.128147	
Earth	600	-26.8053	-29.7592	29.7592	-0.28337	-0.128067	0.128067	
Earth	600	-26.8336	-29.772	29.772	-0.283298	-0.127987	0.127987	
Earth	600	-26.862	-29.7848	29.7848	-0.283226	-0.127907	0.127907	
Earth	600	-26.8903	-29.7976	29.7976	-0.283155	-0.127828	0.127828	
Earth	600	-26.9186	-29.8104	29.8104	-0.283083	-0.127748	0.127748	
Earth	600	-26.9469	-29.8231	29.8231	-0.283011	-0.127669	0.127669	
Earth	600	-26.9752	-29.8359	29.8359	-0.282939	-0.127589	0.127589	
Earth	600	-27.0035	-29.8486	29.8486	-0.282868	-0.12751	0.12751	
Earth	600	-27.0318	-29.8614	29.8614	-0.282796	-0.127431	0.127431	
Earth	600	-27.06	-29.8741	29.8741	-0.282725	-0.127352	0.127352	
Earth	600	-27.0883	-29.8869	29.8869	-0.282653	-0.127273	0.127273	
Earth	600	-27.1166	-29.8996	29.8996	-0.282582	-0.127194	0.127194	
Earth	600	-27.1448	-29.9123	29.9123	-0.28251	-0.127116	0.127116	
Earth	600	-27.1731	-29.925	29.925	-0.282439	-0.127037	0.127037	
Earth	600	-27.2013	-29.9377	29.9377	-0.282368	-0.126959	0.126959	
Earth	600	-27.2295	-29.9504	29.9504	-0.282297	-0.12688	0.12688	
Earth	600	-27.2578	-29.9631	29.9631	-0.282225	-0.126802	0.126802	
Earth	600	-27.286	-29.9758	29.9758	-0.282154	-0.126724	0.126724	
Earth	600	-27.3142	-29.9884	29.9884	-0.282083	-0.126646	0.126646	
Earth	600	-27.3424	-30.0011	30.0011	-0.282012	-0.126568	0.126568	
Earth	600	-27.3706	-30.0137	30.0137	-0.281941	-0.12649	0.12649	
Earth	600	-27.3988	-30.0264	30.0264	-0.281871	-0.126413	0.126413	
Earth	600	-27.427	-30.039	30.039	-0.2818	-0.126335	0.126335	
Earth	600	-27.4552	-30.0517	30.0517	-0.281729	-0.126258	0.126258	
Earth	600	-27.4833	-30.0643	30.0643	-0.281658	-0.12618	0.12618	
Earth	600	-27.5115	-30.0769	30.0769	-0.281588	-0.126103	0.126103	
Earth	600	-27.5396	-30.0895	30.0895	-0.281517	-0.126026	0.126026	
Earth	600	-27.5678	-30.1021	30.1021	-0.281446	-0.125949	0.125949	
Earth	600	-27.5959	-30.1147	30.1147	-0.281376	-0.125872	0.125872	
Earth	600	-27.6241	-30.1273	30.1273	-0.281305	-0.125795	0.125795	
Earth	600	-27.6522	-30.1398	30.1398	-0.281235	-0.125718	0.125718	
Earth	600	-27.6803	-30.1524	30.1524	-0.281165	-0.125642	0.125642	
Earth	600	-27.7084	-30.165	30.165	-0.281095	-0.125565	0.125565	
Earth	600	-27.7365	-30.1775	30.1775	-0.281024	-0.125489	0.125489	
Earth	600	-27.7646	-30.1901	30.1901	-0.280954	-0.125412	0.125412	
Earth	600	-27.7927	-30.2026	30.2026	-0.280884	-0.125336	0.125336	
Earth	600	-27.8208	-30.2151	30.2151	-0.280814	-0.12526	0.12526	
Earth	600	-27.8489	-30.2277	30.2277	-0.280744	-0.125184	0.125184	
Earth	600	-27.877	-30.2402	30.2402	-0.280674	-0.125108	0.125108	
Earth	600	-27.905	-30.2527	30.2527	-0.280604	-0.125032	0.125032	
Earth	600	-27.9331	-30.2652	30.2652	-0.280534	-0.124957	0.124957	
Earth	600	-27.9611	-30.2777	30.2777	-0.280464	-0.124881	0.124881	
Earth	600	-27.9892	-30.2902	30.2902	-0.280395	-0.124805	0.124805	
Earth	600	-28.0172	-30.3026	30.3026	-0.280325	-0.12473	0.12473	
Earth	600	-28.0452	-30.3151	30.3151	-0.280255	-0.124655	0.124655	
Earth	600	-28.0733	-30.3276	30.3276	-0.280186	-0.12458	0.12458	
Earth	600	-28.1013	-30.34	30.34	-0.280116	-0.124505	0.124505	
Earth	600	-28.1293	-30.3525	30.3525	-0.280047	-0.12443	0.12443	
Earth	600	-28.1573	-30.3649	30.3649	-0.279977	-0.124355	0.124355	
Earth	600	-28.1853	-30.3773	30.3773	-0.279908	-0.12428	0.12428	
Earth	600	-28.2133	-30.3898	30.3898	-0.279839	-0.124205	0.124205	
Earth	600	-28.2412	-30.4022	30.4022	-0.279769	-0.124131	0.124131	
Earth	600	-28.2692	-30.4146	30.4146	-0.2797	-0.124056	0.124056	
Earth	600	-28.2972	-30.427	30.427	-0.279631	-0.123982	0.123982	
Earth	600	-28.3251	-30.4394	30.4394	-0.279562	-0.123907	0.123907	
Earth	600	-28.3531	-30.4518	30.4518	-0.279493	-0.123833	0.123833	
Earth	600	-28.381	-30.4642	30.4642	-0.279424	-0.123759	0.123759	
Earth	600	-28.409	-30.4765	30.4765	-0.279355	-0.123685	0.123685	
Earth	600	-28.4369	-30.4889	30.4889	-0.279286	-0.123611	0.123611	
Earth	600	-28.4648	-30.5012	30.5012	-0.279217	-0.123538	0.123538	
Earth	600	-28.4928	-30.5136	30.5136	-0.279148	-0.123464	0.123464	
Earth	600	-28.5207	-30.5259	30.5259	-0.27908	-0.12339	0.12339	
Earth	600	-28.5486	-30.5383	30.5383	-0.279011	-0.123317	0.123317	
Earth	600	-28.5765	-30.5506	30.5506	-0.278942	-0.123243	0.123243	
Earth	600	-28.6044	-30.5629	30.5629	-0.278874	-0.12317	0.12317	
Earth	600	-28.6322	-30.5752	30.5752	-0.278805	-0.123097	0.123097	
Earth	600	-28.6601	-30.5875	30.5875	-0.278737	-0.123024	0.123024	
Earth	600	-28.688	-30.5998	30.5998	-0.278668	-0.122951	0.122951	
Earth	600	-28.7159	-30.6121	30.6121	-0.2786	-0.122878	0.122878	
Earth	600	-28.7437	-30.6244	30.6244	-0.278532	-0.122805	0.122805	
Earth	600	-28.7716	-30.6367	30.6367	-0.278463	-0.122732	0.122732	
Earth	600	-28.7994	-30.649	30.649	-0.278395	-0.12266	0.12266	
Earth	600	-28.8272	-30.6612	30.6612	-0.278327	-0.122587	0.122587	
Earth	600	-28.8551	-30.6735	30.6735	-0.278259	-0.122515	0.122515	
Earth	600	-28.8829	-30.6857	30.6857	-0.278191	-0.122442	0.122442	
Earth	600	-28.9107	-30.698	30.698	-0.278123	-0.12237	0.12237	
Earth	600	-28.9385	-30.7102	30.7102	-0.278055	-0.122298	0.122298	
Earth	600	-28.9663	-30.7224	30.7224	-0.277987	-0.122226	0.122226	
Earth	600	-28.9941	-30.7346	30.7346	-0.277919	-0.122154	0.122154	
Earth	600	-29.0219	-30.7469	30.7469	-0.277851	-0.122082	0.122082	
Earth	600	-29.0497	-30.7591	30.7591	-0.277784	-0.12201	0.12201	
Earth	600	-29.0775	-30.7713	30.7713	-0.277716	-0.121939	0.121939	
Earth	600	-29.1052	-30.7835	30.7835	-0.277648	-0.121867	0.121867	
Earth	600	-29.133	-30.7956	30.7956	-0.277581	-0.121796	0.121796	
Earth	600	-29.1607	-30.8078	30.8078	-0.277513	-0.121724	0.121724	
Earth	600	-29.1885	-30.82	30.82	-0.277446	-0.121653	0.121653	
Earth	600	-29.2162	-30.8321	30.8321	-0.277378	-0.121582	0.121582	
Earth	600	-29.244	-30.8443	30.8443	-0.277311	-0.121511	0.121511	
Earth	600	-29.2717	-30.8564	30.8564	-0.277243	-0.12144	0.12144	
Earth	600	-29.2994	-30.8686	30.8686	-0.277176	-0.121369	0.121369	
Earth	600	-29.3271	-30.8807	30.8807	-0.277109	-0.121298	0.121298	
Earth	600	-29.3548	-30.8928	30.8928	-0.277042	-0.121227	0.121227	
Earth	600	-29.3825	-30.905	30.905	-0.276974	-0.121156	0.121156	
Earth	600	-29.4102	-30.9171	30.9171	-0.276907	-0.121086	0.121086	
Earth	600	-29.4379	-30.9292	30.9292	-0.27684	-0.121015	0.121015	
Earth	600	-29.4656	-30.9413	30.9413	-0.276773	-0.120945	0.120945	
Earth	600	-29.4933	-30.9534	30.9534	-0.276706	-0.120875	0.120875	
Earth	600	-29.5209	-30.9655	30.9655	-0.276639	-0.120805	0.120805	
Earth	600	-29.5486	-30.9775	30.9775	-0.276573	-0.120735	0.120735	
Earth	600	-29.5763	-30.9896	30.9896	-0.276506	-0.120664	0.120664	
Earth	600	-29.6039	-31.0017	31.0017	-0.276439	-0.120595	0.120595	
Earth	600	-29.6315	-31.0137	31.0137	-0.276372	-0.120525	0.120525	
Earth	600	-29.6592	-31.0258	31.0258	-0.276306	-0.120455	0.120455	
Earth	600	-29.6868	-31.0378	31.0378	-0.276239	-0.120385	0.120385	
Earth	600	-29.7144	-31.0498	31.0498	-0.276173	-0.120316	0.120316	
Earth	600	-29.742	-31.0619	31.0619	-0.276106	-0.120246	0.120246	
Earth	600	-29.7696	-31.0739	31.0739	-0.27604	-0.120177	0.120177	
Earth	600	-29.7972	-31.0859	31.0859	-0.275973	-0.120108	0.120108	
Earth	600	-29.8248	-31.0979	31.0979	-0.275907	-0.120038	0.120038	
Earth	600	-29.8524	-31.1099	31.1099	-0.27584	-0.119969	0.119969	
Earth	600	-29.88	-31.1219	31.1219	-0.275774	-0.1199	0.1199	
Earth	600	-29.9076	-31.1339	31.1339	-0.275708	-0.119831	0.119831	
Earth	600	-29.9351	-31.1459	31.1459	-0.275642	-0.119762	0.119762	
Earth	600	-29.9627	-31.1579	31.1579	-0.275576	-0.119694	0.119694	
Earth	600	-29.9903	-31.1698	31.1698	-0.27551	-0.119625	0.119625	
Earth	600	-30.0178	-31.1818	31.1818	-0.275444	-0.119556	0.119556	
Earth	600	-30.0454	-31.1937	31.1937	-0.275378	-0.119488	0.119488	
Earth	600	-30.0729	-31.2057	31.2057	-0.275312	-0.11942	0.11942	
Earth	600	-30.1004	-31.2176	31.2176	-0.275246	-0.119351	0.119351	
Earth	600	-30.1279	-31.2295	31.2295	-0.27518	-0.119283	0.119283	
Earth	600	-30.1555	-31.2415	31.2415	-0.275114	-0.119215	0.119215	
Earth	600	-30.183	-31.2534	31.2534	-0.275049	-0.119147	0.119147	
Earth	600	-30.2105	-31.2653	31.2653	-0.274983	-0.119079	0.119079	
Earth	600	-30.238	-31.2772	31.2772	-0.274917	-0.119011	0.119011	
Earth	600	-30.2654	-31.2891	31.2891	-0.274852	-0.118943	0.118943	
Earth	600	-30.2929	-31.301	31.301	-0.274786	-0.118875	0.118875	
Earth	600	-30.3204	-31.3129	31.3129	-0.274721	-0.118808	0.118808	
Earth	600	-30.3479	-31.3248	31.3248	-0.274655	-0.11874	0.11874	
Earth	600	-30.3753	-31.3366	31.3366	-0.27459	-0.118673	0.118673	
Earth	600	-30.4028	-31.3485	31.3485	-0.274525	-0.118605	0.118605	
Earth	600	-30.4302	-31.3603	31.3603	-0.274459	-0.118538	0.118538	
Earth	600	-30.4577	-31.3722	31.3722	-0.274394	-0.118471	0.118471	
Earth	600	-30.4851	-31.384	31.384	-0.274329	-0.118404	0.118404	
Earth	600	-30.5125	-31.3959	31.3959	-0.274264	-0.118337	0.118337	
Earth	600	-30.54	-31.4077	31.4077	-0.274199	-0.11827	0.11827	
Earth	600	-30.5674	-31.4195	31.4195	-0.274134	-0.118203	0.118203	
Earth	600	-30.5948	-31.4313	31.4313	-0.274069	-0.118136	0.118136	
Earth	600	-30.6222	-31.4432	31.4432	-0.274004	-0.118069	0.118069	
Earth	600	-30.6496	-31.455	31.455	-0.273939	-0.118003	0.118003	
Earth	600	-30.677	-31.4668	31.4668	-0.273874	-0.117936	0.117936	
Earth	600	-30.7044	-31.4785	31.4785	-0.273809	-0.11787	0.11787	
Earth	600	-30.7317	-31.4903	31.4903	-0.273744	-0.117803	0.117803	
Earth	600	-30.7591	-31.5021	31.5021	-0.27368	-0.117737	0.117737	
Earth	600	-30.7865	-31.5139	31.5139	-0.273615	-0.117671	0.117671	
Earth	600	-30.8138	-31.5256	31.5256	-0.27355	-0.117605	0.117605	
Earth	600	-30.8412	-31.5374	31.5374	-0.273486	-0.117539	0.117539	
Earth	600	-30.8685	-31.5491	31.5491	-0.273421	-0.117473	0.117473	
Earth	600	-30.8959	-31.5609	31.5609	-0.273357	-0.117407	0.117407	
Earth	600	-30.9232	-31.5726	31.5726	-0.273292	-0.117341	0.117341	
Earth	600	-30.9505	-31.5844	31.5844	-0.273228	-0.117275	0.117275	
Earth	600	-30.9779	-31.5961	31.5961	-0.273164	-0.11721	0.11721	
Earth	600	-31.0052	-31.6078	31.6078	-0.273099	-0.117144	0.117144	
Earth	600	-31.0325	-31.6195	31.6195	-0.273035	-0.117079	0.117079	
Earth	600	-31.0598	-31.6312	31.6312	-0.272971	-0.117013	0.117013	
Earth	600	-31.0871	-31.6429	31.6429	-0.272907	-0.116948	0.116948	
Earth	600	-31.1144	-31.6546	31.6546	-0.272843	-0.116883	0.116883	
Earth	600	-31.1416	-31.6663	31.6663	-0.272779	-0.116817	0.116817	
Earth	600	-31.1689	-31.678	31.678	-0.272715	-0.116752	0.116752	
Earth	600	-31.1962	-31.6896	31.6896	-0.272651	-0.116687	0.116687	
Earth	600	-31.2234	-31.7013	31.7013	-0.272587	-0.116622	0.116622	
Earth	600	-31.2507	-31.713	31.713	-0.272523	-0.116558	0.116558	
Earth	600	-31.278	-31.7246	31.7246	-0.272459	-0.116493	0.116493	
Earth	600	-31.3052	-31.7363	31.7363	-0.272395	-0.116428	0.116428	
Earth	600	-31.3324	-31.7479	31.7479	-0.272331	-0.116364	0.116364	
Earth	600	-31.3597	-31.7595	31.7595	-0.272268	-0.116299	0.116299	
Earth	600	-31.3869	-31.7712	31.7712	-0.272204	-0.116235	0.116235	
Earth	600	-31.4141	-31.7828	31.7828	-0.272141	-0.11617	0.11617	
Earth	600	-31.4413	-31.7944	31.7944	-0.272077	-0.116106	0.116106	
Earth	600	-31.4685	-31.806	31.806	-0.272014	-0.116042	0.116042	
Earth	600	-31.4957	-31.8176	31.8176	-0.27195	-0.115978	0.115978	
Earth	600	-31.5229	-31.8292	31.8292	-0.271887	-0.115914	0.115914	
Earth	600	-31.5501	-31.8408	31.8408	-0.271823	-0.11585	0.11585	
Earth	600	-31.5773	-31.8524	31.8524	-0.27176	-0.115786	0.115786	
Earth	600	-31.6044	-31.8639	31.8639	-0.271697	-0.115722	0.115722	
Earth	600	-31.6316	-31.8755	31.8755	-0.271633	-0.115658	0.115658	
Earth	600	-31.6588	-31.8871	31.8871	-0.27157	-0.115595	0.115595	
Earth	600	-31.6859	-31.8986	31.8986	-0.271507	-0.115531	0.115531	
Earth	600	-31.7131	-31.9102	31.9102	-0.271444	-0.115468	0.115468	
Earth	600	-31.7402	-31.9217	31.9217	-0.271381	-0.115404	0.115404	
Earth	600	-31.7673	-31.9333	31.9333	-0.271318	-0.115341	0.115341	
Earth	600	-31.7945	-31.9448	31.9448	-0.271255	-0.115278	0.115278	
Earth	600	-31.8216	-31.9563	31.9563	-0.271192	-0.115214	0.115214	
Earth	600	-31.8487	-31.9678	31.9678	-0.271129	-0.115151	0.115151	
Earth	600	-31.8758	-31.9794	31.9794	-0.271066	-0.115088	0.115088	
Earth	600	-31.9029	-31.9909	31.9909	-0.271004	-0.115025	0.115025	
Earth	600	-31.93	-32.0024	32.0024	-0.270941	-0.114962	0.114962	
Earth	600	-31.9571	-32.0139	32.0139	-0.270878	-0.1149	0.1149	
Earth	600	-31.9842	-32.0253	32.0253	-0.270816	-0.114837	0.114837	
Earth	600	-32.0113	-32.0368	32.0368	-0.270753	-0.114774	0.114774	
Earth	600	-32.0384	-32.0483	32.0483	-0.27069	-0.114712	0.114712	
Earth	600	-32.0654	-32.0598	32.0598	-0.270628	-0.114649	0.114649	
Earth	600	-32.0925	-32.0712	32.0712	-0.270566	-0.114587	0.114587	
Earth	600	-32.1195	-32.0827	32.0827	-0.270503	-0.114524	0.114524	
Earth	600	-32.1466	-32.0941	32.0941	-0.270441	-0.114462	0.114462	
Earth	600	-32.1736	-32.1056	32.1056	-0.270378	-0.1144	0.1144	
Earth	600	-32.2007	-32.117	32.117	-0.270316	-0.114338	0.114338	
Earth	600	-32.2277	-32.1284	32.1284	-0.270254	-0.114276	0.114276	
Earth	600	-32.2547	-32.1399	32.1399	-0.270192	-0.114214	0.114214	
Earth	600	-32.2817	-32.1513	32.1513	-0.27013	-0.114152	0.114152	
Earth	600	-32.3087	-32.1627	32.1627	-0.270067	-0.11409	0.11409	
Earth	600	-32.3357	-32.1741	32.1741	-0.270005	-0.114028	0.114028	
Earth	600	-32.3627	-32.1855	32.1855	-0.269943	-0.113966	0.113966	
Earth	600	-32.3897	-32.1969	32.1969	-0.269881	-0.113905	0.113905	
Earth	600	-32.4167	-32.2083	32.2083	-0.269819	-0.113843	0.113843	
Earth	600	-32.4437	-32.2197	32.2197	-0.269758	-0.113782	0.113782	
Earth	600	-32.4707	-32.231	32.231	-0.269696	-0.11372	0.11372	
Earth	600	-32.4976	-32.2424	32.2424	-0.269634	-0.113659	0.113659	
Earth	600	-32.5246	-32.2538	32.2538	-0.269572	-0.113598	0.113598	
Earth	600	-32.5515	-32.2651	32.2651	-0.26951	-0.113537	0.113537	
Earth	600	-32.5785	-32.2765	32.2765	-0.269449	-0.113475	0.113475	
Earth	600	-32.6054	-32.2878	32.2878	-0.269387	-0.113414	0.113414	
Earth	600	-32.6324	-32.2992	32.2992	-0.269326	-0.113353	0.113353	
Earth	600	-32.6593	-32.3105	32.3105	-0.269264	-0.113293	0.113293	
Earth	600	-32.6862	-32.3218	32.3218	-0.269203	-0.113232	0.113232	
Earth	600	-32.7131	-32.3331	32.3331	-0.269141	-0.113171	0.113171	
Earth	600	-32.74	-32.3445	32.3445	-0.26908	-0.11311	0.11311	
Earth	600	-32.767	-32.3558	32.3558	-0.269018	-0.11305	0.11305	
Earth	600	-32.7938	-32.3671	32.3671	-0.268957	-0.112989	0.112989	
Earth	600	-32.8207	-32.3784	32.3784	-0.268896	-0.112929	0.112929	
Earth	600	-32.8476	-32.3896	32.3896	-0.268835	-0.112868	0.112868	
Earth	600	-32.8745	-32.4009	32.4009	-0.268773	-0.112808	0.112808	
Earth	600	-32.9014	-32.4122	32.4122	-0.268712	-0.112748	0.112748	
Earth	600	-32.9283	-32.4235	32.4235	-0.268651	-0.112688	0.112688	
Earth	600	-32.9551	-32.4347	32.4347	-0.26859	-0.112627	0.112627	
Earth	600	-32.982	-32.446	32.446	-0.268529	-0.112567	0.112567	
Earth	600	-33.0088	-32.4573	32.4573	-0.268468	-0.112507	0.112507	
Earth	600	-33.0357	-32.4685	32.4685	-0.268407	-0.112448	0.112448	
Earth	600	-33.0625	-32.4797	32.4797	-0.268346	-0.112388	0.112388	
Earth	600	-33.0893	-32.491	32.491	-0.268285	-0.112328	0.112328	
Earth	600	-33.1162	-32.5022	32.5022	-0.268225	-0.112268	0.112268	
Earth	600	-33.143	-32.5134	32.5134	-0.268164	-0.112209	0.112209	
Earth	600	-33.1698	-32.5247	32.5247	-0.268103	-0.112149	0.112149	
Earth	600	-33.1966	-32.5359	32.5359	-0.268043	-0.11209	0.11209	
Earth	600	-33.2234	-32.5471	32.5471	-0.267982	-0.11203	0.11203	
Earth	600	-33.2502	-32.5583	32.5583	-0.267921	-0.111971	0.111971	
Earth	600	-33.277	-32.5695	32.5695	-0.267861	-0.111912	0.111912	
Earth	600	-33.3038	-32.5807	32.5807	-0.2678	-0.111852	0.111852	
Earth	600	-33.3305	-32.5918	32.5918	-0.26774	-0.111793	0.111793	
Earth	600	-33.3573	-32.603	32.603	-0.267679	-0.111734	0.111734	
Earth	600	-33.3841	-32.6142	32.6142	-0.267619	-0.111675	0.111675	
Earth	600	-33.4108	-32.6254	32.6254	-0.267559	-0.111616	0.111616	
Earth	600	-33.4376	-32.6365	32.6365	-0.267498	-0.111557	0.111557	
Earth	600	-33.4643	-32.6477	32.6477	-0.267438	-0.111499	0.111499	
Earth	600	-33.4911	-32.6588	32.6588	-0.267378	-0.11144	0.11144	
Earth	600	-33.5178	-32.6699	32.6699	-0.267318	-0.111381	0.111381	
Earth	600	-33.5445	-32.6811	32.6811	-0.267258	-0.111323	0.111323	
Earth	600	-33.5713	-32.6922	32.6922	-0.267198	-0.111264	0.111264	
Earth	600	-33.598	-32.7033	32.7033	-0.267137	-0.111206	0.111206	
Earth	600	-33.6247	-32.7145	32.7145	-0.267078	-0.111147	0.111147	
Earth	600	-33.6514	-32.7256	32.7256	-0.267018	-0.111089	0.111089	
Earth	600	-33.6781	-32.7367	32.7367	-0.266958	-0.111031	0.111031	
Earth	600	-33.7048	-32.7478	32.7478	-0.266898	-0.110973	0.110973	
Earth	600	-33.7315	-32.7589	32.7589	-0.266838	-0.110914	0.110914	
Earth	600	-33.7582	-32.77	32.77	-0.266778	-0.110856	0.110856	
Earth	600	-33.7848	-32.781	32.781	-0.266718	-0.110798	0.110798	
Earth	600	-33.8115	-32.7921	32.7921	-0.266659	-0.110741	0.110741	
Earth	600	-33.8382	-32.8032	32.8032	-0.266599	-0.110683	0.110683	
Earth	600	-33.8648	-32.8143	32.8143	-0.266539	-0.110625	0.110625	
Earth	600	-33.8915	-32.8253	32.8253	-0.26648	-0.110567	0.110567	
Earth	600	-33.9181	-32.8364	32.8364	-0.26642	-0.110509	0.110509	
Earth	600	-33.9448	-32.8474	32.8474	-0.266361	-0.110452	0.110452	
Earth	600	-33.9714	-32.8585	32.8585	-0.266301	-0.110394	0.110394	
Earth	600	-33.998	-32.8695	32.8695	-0.266242	-0.110337	0.110337	
Earth	600	-34.0246	-32.8805	32.8805	-0.266183	-0.11028	0.11028	
Earth	600	-34.0513	-32.8915	32.8915	-0.266123	-0.110222	0.110222	
Earth	600	-34.0779	-32.9026	32.9026	-0.266064	-0.110165	0.110165	
Earth	600	-34.1045	-32.9136	32.9136	-0.266005	-0.110108	0.110108	
Earth	600	-34.1311	-32.9246	32.9246	-0.265945	-0.110051	0.110051	
Earth	600	-34.1577	-32.9356	32.9356	-0.265886	-0.109994	0.109994	
Earth	600	-34.1842	-32.9466	32.9466	-0.265827	-0.109937	0.109937	
Earth	600	-34.2108	-32.9576	32.9576	-0.265768	-0.10988	0.10988	
Earth	600	-34.2374	-32.9686	32.9686	-0.265709	-0.109823	0.109823	
Earth	600	-34.264	-32.9795	32.9795	-0.26565	-0.109766	0.109766	
Earth	600	-34.2905	-32.9905	32.9905	-0.265591	-0.109709	0.109709	
